seed,train_author,epochs_completed,loss_dataset,loss_value
0,thompson,0,baum,10.818527460098268
0,thompson,0,thompson,10.82152509689331
0,thompson,0,dickens,10.820019404093424
0,thompson,0,melville,10.826112866401672
0,thompson,0,wells,10.820290565490724
0,thompson,0,austen,10.832980155944824
0,thompson,0,fitzgerald,10.831403414408364
0,thompson,0,twain,10.831809997558594
0,thompson,0,non_oz_baum,10.830238819122314
0,thompson,0,non_oz_thompson,10.824978351593018
0,thompson,0,contested,10.81370210647583
0,thompson,1,train,10.603110273679098
0,thompson,1,baum,10.464898586273192
0,thompson,1,thompson,10.451900720596312
0,thompson,1,dickens,10.468860149383543
0,thompson,1,melville,10.46761989593506
0,thompson,1,wells,10.46120580037435
0,thompson,1,austen,10.521395683288574
0,thompson,1,fitzgerald,10.49356820848253
0,thompson,1,twain,10.472853342692057
0,thompson,1,non_oz_baum,10.464058876037598
0,thompson,1,non_oz_thompson,10.45975923538208
0,thompson,1,contested,10.443233013153076
0,thompson,2,train,10.33936599890391
0,thompson,2,baum,10.21619725227356
0,thompson,2,thompson,10.197420358657835
0,thompson,2,dickens,10.239004453023275
0,thompson,2,melville,10.243401765823364
0,thompson,2,wells,10.24008591969808
0,thompson,2,austen,10.310497283935549
0,thompson,2,fitzgerald,10.264416270785862
0,thompson,2,twain,10.237709681193031
0,thompson,2,non_oz_baum,10.207491874694824
0,thompson,2,non_oz_thompson,10.227127075195312
0,thompson,2,contested,10.182838916778564
0,thompson,3,train,10.076219518979393
0,thompson,3,baum,9.966983795166016
0,thompson,3,thompson,9.940357685089111
0,thompson,3,dickens,10.008331775665283
0,thompson,3,melville,10.014799118041992
0,thompson,3,wells,10.015636761983236
0,thompson,3,austen,10.090977668762209
0,thompson,3,fitzgerald,10.03396881951226
0,thompson,3,twain,9.998509565989176
0,thompson,3,non_oz_baum,9.95365595817566
0,thompson,3,non_oz_thompson,9.990214824676514
0,thompson,3,contested,9.925631523132324
0,thompson,4,train,9.821148912111918
0,thompson,4,baum,9.728233337402344
0,thompson,4,thompson,9.694153785705566
0,thompson,4,dickens,9.78672750790914
0,thompson,4,melville,9.79644227027893
0,thompson,4,wells,9.796108881632486
0,thompson,4,austen,9.875852108001707
0,thompson,4,fitzgerald,9.81303808424208
0,thompson,4,twain,9.766767978668211
0,thompson,4,non_oz_baum,9.713138103485107
0,thompson,4,non_oz_thompson,9.758230209350586
0,thompson,4,contested,9.68169331550598
0,thompson,5,train,9.575984358787537
0,thompson,5,baum,9.496308088302612
0,thompson,5,thompson,9.4556987285614
0,thompson,5,dickens,9.570530573527018
0,thompson,5,melville,9.583287835121157
0,thompson,5,wells,9.582367261250814
0,thompson,5,austen,9.6645770072937
0,thompson,5,fitzgerald,9.59827963511149
0,thompson,5,twain,9.541218916575112
0,thompson,5,non_oz_baum,9.479777336120604
0,thompson,5,non_oz_thompson,9.532612800598145
0,thompson,5,contested,9.444839715957642
0,thompson,6,train,9.341180880864462
0,thompson,6,baum,9.275558233261108
0,thompson,6,thompson,9.228482246398926
0,thompson,6,dickens,9.365326563517252
0,thompson,6,melville,9.381096243858336
0,thompson,6,wells,9.37872568766276
0,thompson,6,austen,9.465575218200684
0,thompson,6,fitzgerald,9.394423166910808
0,thompson,6,twain,9.326263268788656
0,thompson,6,non_oz_baum,9.257801294326782
0,thompson,6,non_oz_thompson,9.316970825195312
0,thompson,6,contested,9.219448566436768
0,thompson,7,train,9.111121654510498
0,thompson,7,baum,9.063186645507812
0,thompson,7,thompson,9.009857892990112
0,thompson,7,dickens,9.169175783793133
0,thompson,7,melville,9.188527464866638
0,thompson,7,wells,9.183930397033691
0,thompson,7,austen,9.275466442108154
0,thompson,7,fitzgerald,9.199890666537817
0,thompson,7,twain,9.120500882466636
0,thompson,7,non_oz_baum,9.04477596282959
0,thompson,7,non_oz_thompson,9.112111568450928
0,thompson,7,contested,9.002708196640015
0,thompson,8,train,8.896525780359903
0,thompson,8,baum,8.862690925598145
0,thompson,8,thompson,8.802748918533325
0,thompson,8,dickens,8.983619689941406
0,thompson,8,melville,9.00621485710144
0,thompson,8,wells,8.999842961629232
0,thompson,8,austen,9.09575605392456
0,thompson,8,fitzgerald,9.01610459221734
0,thompson,8,twain,8.925416787465414
0,thompson,8,non_oz_baum,8.84378719329834
0,thompson,8,non_oz_thompson,8.91833782196045
0,thompson,8,contested,8.797259092330933
0,thompson,9,train,8.693257013956705
0,thompson,9,baum,8.674018859863281
0,thompson,9,thompson,8.607396602630615
0,thompson,9,dickens,8.809348265329996
0,thompson,9,melville,8.834255695343018
0,thompson,9,wells,8.828293482462565
0,thompson,9,austen,8.928249835968018
0,thompson,9,fitzgerald,8.844419267442492
0,thompson,9,twain,8.74358065923055
0,thompson,9,non_oz_baum,8.655233383178711
0,thompson,9,non_oz_thompson,8.736953735351562
0,thompson,9,contested,8.603196859359741
0,thompson,10,train,8.495824138323465
0,thompson,10,baum,8.49556279182434
0,thompson,10,thompson,8.420921325683594
0,thompson,10,dickens,8.644776026407877
0,thompson,10,melville,8.673088669776917
0,thompson,10,wells,8.666374842325846
0,thompson,10,austen,8.77068567276001
0,thompson,10,fitzgerald,8.681909561157227
0,thompson,10,twain,8.570524374643961
0,thompson,10,non_oz_baum,8.477978706359863
0,thompson,10,non_oz_thompson,8.567684173583984
0,thompson,10,contested,8.420727014541626
0,thompson,11,train,8.33140770594279
0,thompson,11,baum,8.330514907836914
0,thompson,11,thompson,8.2489013671875
0,thompson,11,dickens,8.491550922393799
0,thompson,11,melville,8.522826671600342
0,thompson,11,wells,8.515554110209147
0,thompson,11,austen,8.624774932861328
0,thompson,11,fitzgerald,8.531118286980522
0,thompson,11,twain,8.409019788106283
0,thompson,11,non_oz_baum,8.313268423080444
0,thompson,11,non_oz_thompson,8.409827709197998
0,thompson,11,contested,8.251564741134644
0,thompson,12,train,8.155983169873556
0,thompson,12,baum,8.177195072174072
0,thompson,12,thompson,8.088733673095703
0,thompson,12,dickens,8.35078756014506
0,thompson,12,melville,8.385456919670105
0,thompson,12,wells,8.377372105916342
0,thompson,12,austen,8.491945743560791
0,thompson,12,fitzgerald,8.392913076612684
0,thompson,12,twain,8.261098861694336
0,thompson,12,non_oz_baum,8.161100625991821
0,thompson,12,non_oz_thompson,8.264243125915527
0,thompson,12,contested,8.092907190322876
0,thompson,13,train,8.001787185668945
0,thompson,13,baum,8.034405827522278
0,thompson,13,thompson,7.9408038854599
0,thompson,13,dickens,8.219373146692911
0,thompson,13,melville,8.257033586502075
0,thompson,13,wells,8.24819310506185
0,thompson,13,austen,8.368064880371094
0,thompson,13,fitzgerald,8.263799985249838
0,thompson,13,twain,8.123098691304525
0,thompson,13,non_oz_baum,8.019636392593384
0,thompson,13,non_oz_thompson,8.1282958984375
0,thompson,13,contested,7.945876598358154
0,thompson,14,train,7.854964276154836
0,thompson,14,baum,7.900915145874023
0,thompson,14,thompson,7.803303480148315
0,thompson,14,dickens,8.096642136573792
0,thompson,14,melville,8.136569380760193
0,thompson,14,wells,8.128656387329102
0,thompson,14,austen,8.253268241882324
0,thompson,14,fitzgerald,8.143944210476345
0,thompson,14,twain,7.993772188822429
0,thompson,14,non_oz_baum,7.888281583786011
0,thompson,14,non_oz_thompson,8.003564357757568
0,thompson,14,contested,7.807794809341431
0,thompson,15,train,7.720738112926483
0,thompson,15,baum,7.777291655540466
0,thompson,15,thompson,7.674639701843262
0,thompson,15,dickens,7.983522375424703
0,thompson,15,melville,8.025822520256042
0,thompson,15,wells,8.017195701599121
0,thompson,15,austen,8.148589611053467
0,thompson,15,fitzgerald,8.032579527960884
0,thompson,15,twain,7.873775164286296
0,thompson,15,non_oz_baum,7.767299771308899
0,thompson,15,non_oz_thompson,7.887497425079346
0,thompson,15,contested,7.680924534797668
0,thompson,16,train,7.6083664894104
0,thompson,16,baum,7.664440155029297
0,thompson,16,thompson,7.558874011039734
0,thompson,16,dickens,7.879392623901367
0,thompson,16,melville,7.924282550811768
0,thompson,16,wells,7.915575822194417
0,thompson,16,austen,8.052489757537842
0,thompson,16,fitzgerald,7.931441042158339
0,thompson,16,twain,7.7644509474436445
0,thompson,16,non_oz_baum,7.656386017799377
0,thompson,16,non_oz_thompson,7.781224012374878
0,thompson,16,contested,7.563694715499878
0,thompson,17,train,7.479248404502869
0,thompson,17,baum,7.559717178344727
0,thompson,17,thompson,7.450586557388306
0,thompson,17,dickens,7.782599369684855
0,thompson,17,melville,7.830836176872253
0,thompson,17,wells,7.821686585744222
0,thompson,17,austen,7.963919639587402
0,thompson,17,fitzgerald,7.837336328294542
0,thompson,17,twain,7.662363290786743
0,thompson,17,non_oz_baum,7.554231286048889
0,thompson,17,non_oz_thompson,7.684104681015015
0,thompson,17,contested,7.455065488815308
0,thompson,18,train,7.373506844043732
0,thompson,18,baum,7.4618916511535645
0,thompson,18,thompson,7.348581552505493
0,thompson,18,dickens,7.693458636601766
0,thompson,18,melville,7.744639456272125
0,thompson,18,wells,7.735219478607178
0,thompson,18,austen,7.88364577293396
0,thompson,18,fitzgerald,7.750832133822971
0,thompson,18,twain,7.569129387537639
0,thompson,18,non_oz_baum,7.460014224052429
0,thompson,18,non_oz_thompson,7.594242095947266
0,thompson,18,contested,7.352253317832947
0,thompson,19,train,7.283808708190918
0,thompson,19,baum,7.3737088441848755
0,thompson,19,thompson,7.2542431354522705
0,thompson,19,dickens,7.612141728401184
0,thompson,19,melville,7.666212975978851
0,thompson,19,wells,7.656418323516846
0,thompson,19,austen,7.81160306930542
0,thompson,19,fitzgerald,7.672522068023682
0,thompson,19,twain,7.483257134755452
0,thompson,19,non_oz_baum,7.374446868896484
0,thompson,19,non_oz_thompson,7.513011455535889
0,thompson,19,contested,7.258802056312561
0,thompson,20,train,7.193914870421092
0,thompson,20,baum,7.292852163314819
0,thompson,20,thompson,7.16903829574585
0,thompson,20,dickens,7.537849426269531
0,thompson,20,melville,7.594650447368622
0,thompson,20,wells,7.584679921468099
0,thompson,20,austen,7.74649715423584
0,thompson,20,fitzgerald,7.601545598771837
0,thompson,20,twain,7.406120300292969
0,thompson,20,non_oz_baum,7.29670238494873
0,thompson,20,non_oz_thompson,7.43898868560791
0,thompson,20,contested,7.1740570068359375
0,thompson,21,train,7.1124475200970965
0,thompson,21,baum,7.218888163566589
0,thompson,21,thompson,7.094418525695801
0,thompson,21,dickens,7.471335291862488
0,thompson,21,melville,7.531616806983948
0,thompson,21,wells,7.520673910776774
0,thompson,21,austen,7.690115213394165
0,thompson,21,fitzgerald,7.537585576375325
0,thompson,21,twain,7.337197542190552
0,thompson,21,non_oz_baum,7.226872086524963
0,thompson,21,non_oz_thompson,7.371963739395142
0,thompson,21,contested,7.096852421760559
0,thompson,22,train,7.036616245905559
0,thompson,22,baum,7.150391817092896
0,thompson,22,thompson,7.023859262466431
0,thompson,22,dickens,7.407537261644999
0,thompson,22,melville,7.469866812229156
0,thompson,22,wells,7.459898789723714
0,thompson,22,austen,7.635935306549072
0,thompson,22,fitzgerald,7.476220077938503
0,thompson,22,twain,7.269702831904094
0,thompson,22,non_oz_baum,7.160643815994263
0,thompson,22,non_oz_thompson,7.30699348449707
0,thompson,22,contested,7.023785710334778
0,thompson,23,train,6.971810638904572
0,thompson,23,baum,7.087618470191956
0,thompson,23,thompson,6.95977795124054
0,thompson,23,dickens,7.350368857383728
0,thompson,23,melville,7.41553795337677
0,thompson,23,wells,7.405206044514974
0,thompson,23,austen,7.588119029998779
0,thompson,23,fitzgerald,7.421270476447211
0,thompson,23,twain,7.209880749384562
0,thompson,23,non_oz_baum,7.100584864616394
0,thompson,23,non_oz_thompson,7.249533176422119
0,thompson,23,contested,6.957407832145691
0,thompson,24,train,6.911788900693257
0,thompson,24,baum,7.031741142272949
0,thompson,24,thompson,6.901345491409302
0,thompson,24,dickens,7.299416661262512
0,thompson,24,melville,7.367003738880157
0,thompson,24,wells,7.356485684712728
0,thompson,24,austen,7.548298835754394
0,thompson,24,fitzgerald,7.3723344802856445
0,thompson,24,twain,7.156740585962932
0,thompson,24,non_oz_baum,7.046162009239197
0,thompson,24,non_oz_thompson,7.197550058364868
0,thompson,24,contested,6.89703643321991
0,thompson,25,train,6.850805938243866
0,thompson,25,baum,6.980905294418335
0,thompson,25,thompson,6.848912715911865
0,thompson,25,dickens,7.251654465993245
0,thompson,25,melville,7.321601331233978
0,thompson,25,wells,7.311954498291016
0,thompson,25,austen,7.512617588043213
0,thompson,25,fitzgerald,7.326887978447808
0,thompson,25,twain,7.106131474177043
0,thompson,25,non_oz_baum,6.996841549873352
0,thompson,25,non_oz_thompson,7.149639129638672
0,thompson,25,contested,6.841188192367554
0,thompson,26,train,6.800062775611877
0,thompson,26,baum,6.933194160461426
0,thompson,26,thompson,6.798762679100037
0,thompson,26,dickens,7.208304127057393
0,thompson,26,melville,7.2793713212013245
0,thompson,26,wells,7.271758079528809
0,thompson,26,austen,7.480315685272217
0,thompson,26,fitzgerald,7.285265286763509
0,thompson,26,twain,7.059799671173096
0,thompson,26,non_oz_baum,6.950821399688721
0,thompson,26,non_oz_thompson,7.106223583221436
0,thompson,26,contested,6.789748311042786
0,thompson,27,train,6.750089585781097
0,thompson,27,baum,6.888848543167114
0,thompson,27,thompson,6.751917004585266
0,thompson,27,dickens,7.170114000638326
0,thompson,27,melville,7.242753744125366
0,thompson,27,wells,7.235195318857829
0,thompson,27,austen,7.451720476150513
0,thompson,27,fitzgerald,7.248609966701931
0,thompson,27,twain,7.0192461013793945
0,thompson,27,non_oz_baum,6.908541202545166
0,thompson,27,non_oz_thompson,7.067700386047363
0,thompson,27,contested,6.740294456481934
0,thompson,28,train,6.698736548423767
0,thompson,28,baum,6.847704529762268
0,thompson,28,thompson,6.708343744277954
0,thompson,28,dickens,7.132244944572449
0,thompson,28,melville,7.206727683544159
0,thompson,28,wells,7.200367450714111
0,thompson,28,austen,7.424731254577637
0,thompson,28,fitzgerald,7.212896505991618
0,thompson,28,twain,6.9796310265858965
0,thompson,28,non_oz_baum,6.868421196937561
0,thompson,28,non_oz_thompson,7.029810667037964
0,thompson,28,contested,6.695137977600098
0,thompson,29,train,6.66016407807668
0,thompson,29,baum,6.809658050537109
0,thompson,29,thompson,6.668365836143494
0,thompson,29,dickens,7.100650787353516
0,thompson,29,melville,7.177356421947479
0,thompson,29,wells,7.169782956441243
0,thompson,29,austen,7.403265953063965
0,thompson,29,fitzgerald,7.182414690653483
0,thompson,29,twain,6.945835431416829
0,thompson,29,non_oz_baum,6.832492828369141
0,thompson,29,non_oz_thompson,6.996448993682861
0,thompson,29,contested,6.651127457618713
0,thompson,30,train,6.611079712708791
0,thompson,30,baum,6.773199915885925
0,thompson,30,thompson,6.630864500999451
0,thompson,30,dickens,7.069736242294312
0,thompson,30,melville,7.1485483050346375
0,thompson,30,wells,7.140303770701091
0,thompson,30,austen,7.380496501922607
0,thompson,30,fitzgerald,7.1519120534261065
0,thompson,30,twain,6.913280169169108
0,thompson,30,non_oz_baum,6.796871066093445
0,thompson,30,non_oz_thompson,6.964815616607666
0,thompson,30,contested,6.6100093126297
0,thompson,31,train,6.5777907371521
0,thompson,31,baum,6.740127682685852
0,thompson,31,thompson,6.593249917030335
0,thompson,31,dickens,7.041795571645101
0,thompson,31,melville,7.122323095798492
0,thompson,31,wells,7.112809340159099
0,thompson,31,austen,7.36180567741394
0,thompson,31,fitzgerald,7.124967628055149
0,thompson,31,twain,6.882456541061401
0,thompson,31,non_oz_baum,6.76262104511261
0,thompson,31,non_oz_thompson,6.933995008468628
0,thompson,31,contested,6.567746162414551
0,thompson,32,train,6.544191837310791
0,thompson,32,baum,6.7067588567733765
0,thompson,32,thompson,6.55611777305603
0,thompson,32,dickens,7.0128486553827925
0,thompson,32,melville,7.09501713514328
0,thompson,32,wells,7.085206667582194
0,thompson,32,austen,7.34217381477356
0,thompson,32,fitzgerald,7.097113291422526
0,thompson,32,twain,6.852729717890422
0,thompson,32,non_oz_baum,6.729697585105896
0,thompson,32,non_oz_thompson,6.904896259307861
0,thompson,32,contested,6.526708006858826
0,thompson,33,train,6.510796586672465
0,thompson,33,baum,6.67526638507843
0,thompson,33,thompson,6.519217014312744
0,thompson,33,dickens,6.9875205755233765
0,thompson,33,melville,7.071657657623291
0,thompson,33,wells,7.061878045399983
0,thompson,33,austen,7.326981544494629
0,thompson,33,fitzgerald,7.071773476070828
0,thompson,33,twain,6.824925820032756
0,thompson,33,non_oz_baum,6.698357582092285
0,thompson,33,non_oz_thompson,6.877817869186401
0,thompson,33,contested,6.486924529075623
0,thompson,34,train,6.4767834941546125
0,thompson,34,baum,6.644207835197449
0,thompson,34,thompson,6.486899733543396
0,thompson,34,dickens,6.962335030237834
0,thompson,34,melville,7.0472201108932495
0,thompson,34,wells,7.037884871164958
0,thompson,34,austen,7.3094117641448975
0,thompson,34,fitzgerald,7.045197645823161
0,thompson,34,twain,6.7962272961934405
0,thompson,34,non_oz_baum,6.6687846183776855
0,thompson,34,non_oz_thompson,6.850095272064209
0,thompson,34,contested,6.448884606361389
0,thompson,35,train,6.43056305249532
0,thompson,35,baum,6.61283814907074
0,thompson,35,thompson,6.452159285545349
0,thompson,35,dickens,6.938180923461914
0,thompson,35,melville,7.025240838527679
0,thompson,35,wells,7.015544255574544
0,thompson,35,austen,7.293812274932861
0,thompson,35,fitzgerald,7.020923614501953
0,thompson,35,twain,6.768643458684285
0,thompson,35,non_oz_baum,6.638639211654663
0,thompson,35,non_oz_thompson,6.824280261993408
0,thompson,35,contested,6.410607218742371
0,thompson,36,train,6.395922581354777
0,thompson,36,baum,6.580980181694031
0,thompson,36,thompson,6.419006705284119
0,thompson,36,dickens,6.914018670717876
0,thompson,36,melville,7.001489400863648
0,thompson,36,wells,6.993653456370036
0,thompson,36,austen,7.274754047393799
0,thompson,36,fitzgerald,6.994801203409831
0,thompson,36,twain,6.739776134490967
0,thompson,36,non_oz_baum,6.609224557876587
0,thompson,36,non_oz_thompson,6.799330711364746
0,thompson,36,contested,6.374212622642517
0,thompson,37,train,6.3797868092854815
0,thompson,37,baum,6.552158951759338
0,thompson,37,thompson,6.3899006843566895
0,thompson,37,dickens,6.892752369244893
0,thompson,37,melville,6.98156213760376
0,thompson,37,wells,6.972741603851318
0,thompson,37,austen,7.259246826171875
0,thompson,37,fitzgerald,6.971035162607829
0,thompson,37,twain,6.713403940200806
0,thompson,37,non_oz_baum,6.580760955810547
0,thompson,37,non_oz_thompson,6.775397062301636
0,thompson,37,contested,6.342000722885132
0,thompson,38,train,6.340313454469045
0,thompson,38,baum,6.525157690048218
0,thompson,38,thompson,6.358073830604553
0,thompson,38,dickens,6.870027343432109
0,thompson,38,melville,6.961085796356201
0,thompson,38,wells,6.952887058258057
0,thompson,38,austen,7.245379209518433
0,thompson,38,fitzgerald,6.947759469350179
0,thompson,38,twain,6.687528928120931
0,thompson,38,non_oz_baum,6.553307890892029
0,thompson,38,non_oz_thompson,6.7505738735198975
0,thompson,38,contested,6.308112144470215
0,thompson,39,train,6.314706226189931
0,thompson,39,baum,6.497087240219116
0,thompson,39,thompson,6.32609236240387
0,thompson,39,dickens,6.84979252020518
0,thompson,39,melville,6.943867802619934
0,thompson,39,wells,6.934494654337565
0,thompson,39,austen,7.22989559173584
0,thompson,39,fitzgerald,6.925476498074001
0,thompson,39,twain,6.6641866366068525
0,thompson,39,non_oz_baum,6.527034878730774
0,thompson,39,non_oz_thompson,6.726686000823975
0,thompson,39,contested,6.274288892745972
0,thompson,40,train,6.266861438751221
0,thompson,40,baum,6.468555569648743
0,thompson,40,thompson,6.293202996253967
0,thompson,40,dickens,6.829627950986226
0,thompson,40,melville,6.925690770149231
0,thompson,40,wells,6.914575417836507
0,thompson,40,austen,7.214401721954346
0,thompson,40,fitzgerald,6.90253930621677
0,thompson,40,twain,6.641079266866048
0,thompson,40,non_oz_baum,6.499897599220276
0,thompson,40,non_oz_thompson,6.70402193069458
0,thompson,40,contested,6.240580439567566
0,thompson,41,train,6.24565867582957
0,thompson,41,baum,6.442089319229126
0,thompson,41,thompson,6.262610673904419
0,thompson,41,dickens,6.809711813926697
0,thompson,41,melville,6.906448245048523
0,thompson,41,wells,6.8954752286275225
0,thompson,41,austen,7.199122905731201
0,thompson,41,fitzgerald,6.880717701382107
0,thompson,41,twain,6.615459283192952
0,thompson,41,non_oz_baum,6.471676349639893
0,thompson,41,non_oz_thompson,6.68060564994812
0,thompson,41,contested,6.208237528800964
0,thompson,42,train,6.196000635623932
0,thompson,42,baum,6.414392709732056
0,thompson,42,thompson,6.231041073799133
0,thompson,42,dickens,6.789776921272278
0,thompson,42,melville,6.88796454668045
0,thompson,42,wells,6.876595656077067
0,thompson,42,austen,7.183128118515015
0,thompson,42,fitzgerald,6.860295878516303
0,thompson,42,twain,6.592505137125651
0,thompson,42,non_oz_baum,6.44433331489563
0,thompson,42,non_oz_thompson,6.657224416732788
0,thompson,42,contested,6.173100829124451
0,thompson,43,train,6.175130863984426
0,thompson,43,baum,6.3864946365356445
0,thompson,43,thompson,6.200281143188477
0,thompson,43,dickens,6.771871407826741
0,thompson,43,melville,6.87116938829422
0,thompson,43,wells,6.862067858378093
0,thompson,43,austen,7.168047428131104
0,thompson,43,fitzgerald,6.838649325900608
0,thompson,43,twain,6.570589145024617
0,thompson,43,non_oz_baum,6.418084144592285
0,thompson,43,non_oz_thompson,6.635557174682617
0,thompson,43,contested,6.140564799308777
0,thompson,44,train,6.126810709635417
0,thompson,44,baum,6.359135270118713
0,thompson,44,thompson,6.169238090515137
0,thompson,44,dickens,6.754065116246541
0,thompson,44,melville,6.853196382522583
0,thompson,44,wells,6.845414320627849
0,thompson,44,austen,7.151385307312012
0,thompson,44,fitzgerald,6.81594811545478
0,thompson,44,twain,6.549418290456136
0,thompson,44,non_oz_baum,6.3915417194366455
0,thompson,44,non_oz_thompson,6.6126909255981445
0,thompson,44,contested,6.109047293663025
0,thompson,45,train,6.095467825730641
0,thompson,45,baum,6.333030104637146
0,thompson,45,thompson,6.139734387397766
0,thompson,45,dickens,6.733888904253642
0,thompson,45,melville,6.836621522903442
0,thompson,45,wells,6.826281229654948
0,thompson,45,austen,7.131903409957886
0,thompson,45,fitzgerald,6.7954386075337725
0,thompson,45,twain,6.527129729588826
0,thompson,45,non_oz_baum,6.361927390098572
0,thompson,45,non_oz_thompson,6.590602874755859
0,thompson,45,contested,6.077083826065064
0,thompson,46,train,6.052021384239197
0,thompson,46,baum,6.308016657829285
0,thompson,46,thompson,6.110240936279297
0,thompson,46,dickens,6.715886036554973
0,thompson,46,melville,6.817306220531464
0,thompson,46,wells,6.810612996419271
0,thompson,46,austen,7.114009618759155
0,thompson,46,fitzgerald,6.775086190965441
0,thompson,46,twain,6.504207054773967
0,thompson,46,non_oz_baum,6.335772752761841
0,thompson,46,non_oz_thompson,6.569040536880493
0,thompson,46,contested,6.045188069343567
0,thompson,47,train,6.023852527141571
0,thompson,47,baum,6.28240168094635
0,thompson,47,thompson,6.080945611000061
0,thompson,47,dickens,6.698728442192078
0,thompson,47,melville,6.799710988998413
0,thompson,47,wells,6.796348253885905
0,thompson,47,austen,7.096906423568726
0,thompson,47,fitzgerald,6.753964000278049
0,thompson,47,twain,6.48456621170044
0,thompson,47,non_oz_baum,6.310128688812256
0,thompson,47,non_oz_thompson,6.549502849578857
0,thompson,47,contested,6.015339016914368
0,thompson,48,train,6.008936425050099
0,thompson,48,baum,6.2583088874816895
0,thompson,48,thompson,6.052952766418457
0,thompson,48,dickens,6.682483434677124
0,thompson,48,melville,6.787910878658295
0,thompson,48,wells,6.779918193817139
0,thompson,48,austen,7.08542537689209
0,thompson,48,fitzgerald,6.736134741041395
0,thompson,48,twain,6.464873234430949
0,thompson,48,non_oz_baum,6.286147236824036
0,thompson,48,non_oz_thompson,6.528669357299805
0,thompson,48,contested,5.986399412155151
0,thompson,49,train,5.973447620868683
0,thompson,49,baum,6.236721754074097
0,thompson,49,thompson,6.026200175285339
0,thompson,49,dickens,6.665042002995809
0,thompson,49,melville,6.769150972366333
0,thompson,49,wells,6.764901638031006
0,thompson,49,austen,7.072075128555298
0,thompson,49,fitzgerald,6.716107898288303
0,thompson,49,twain,6.4475719928741455
0,thompson,49,non_oz_baum,6.264565706253052
0,thompson,49,non_oz_thompson,6.5086424350738525
0,thompson,49,contested,5.957982778549194
0,thompson,50,train,5.942033886909485
0,thompson,50,baum,6.214674592018127
0,thompson,50,thompson,6.001095533370972
0,thompson,50,dickens,6.653820196787517
0,thompson,50,melville,6.762425541877747
0,thompson,50,wells,6.755736509958903
0,thompson,50,austen,7.060981035232544
0,thompson,50,fitzgerald,6.700775835249159
0,thompson,50,twain,6.434222062428792
0,thompson,50,non_oz_baum,6.245654463768005
0,thompson,50,non_oz_thompson,6.49306058883667
0,thompson,50,contested,5.932273983955383
0,thompson,51,train,5.936707218488057
0,thompson,51,baum,6.190592288970947
0,thompson,51,thompson,5.975731253623962
0,thompson,51,dickens,6.637031237284343
0,thompson,51,melville,6.747716963291168
0,thompson,51,wells,6.740478992462158
0,thompson,51,austen,7.045474529266357
0,thompson,51,fitzgerald,6.684208075205485
0,thompson,51,twain,6.413754940032959
0,thompson,51,non_oz_baum,6.221742391586304
0,thompson,51,non_oz_thompson,6.47372031211853
0,thompson,51,contested,5.903160572052002
0,thompson,52,train,5.88301553328832
0,thompson,52,baum,6.170648097991943
0,thompson,52,thompson,5.951106786727905
0,thompson,52,dickens,6.623682260513306
0,thompson,52,melville,6.735914647579193
0,thompson,52,wells,6.728882948557536
0,thompson,52,austen,7.035016536712647
0,thompson,52,fitzgerald,6.667350557115343
0,thompson,52,twain,6.400355577468872
0,thompson,52,non_oz_baum,6.204753160476685
0,thompson,52,non_oz_thompson,6.457350492477417
0,thompson,52,contested,5.878429055213928
0,thompson,53,train,5.855603257815043
0,thompson,53,baum,6.147042751312256
0,thompson,53,thompson,5.928381323814392
0,thompson,53,dickens,6.60854168732961
0,thompson,53,melville,6.722372710704804
0,thompson,53,wells,6.714603106180827
0,thompson,53,austen,7.019944906234741
0,thompson,53,fitzgerald,6.650961875915527
0,thompson,53,twain,6.380517562230428
0,thompson,53,non_oz_baum,6.182330369949341
0,thompson,53,non_oz_thompson,6.439720630645752
0,thompson,53,contested,5.853140711784363
0,thompson,54,train,5.82673054933548
0,thompson,54,baum,6.129412531852722
0,thompson,54,thompson,5.902546167373657
0,thompson,54,dickens,6.595148682594299
0,thompson,54,melville,6.708221018314362
0,thompson,54,wells,6.705431302388509
0,thompson,54,austen,7.010916709899902
0,thompson,54,fitzgerald,6.635905106862386
0,thompson,54,twain,6.364423433939616
0,thompson,54,non_oz_baum,6.163051724433899
0,thompson,54,non_oz_thompson,6.42293906211853
0,thompson,54,contested,5.827378511428833
0,thompson,55,train,5.799825290838878
0,thompson,55,baum,6.109042167663574
0,thompson,55,thompson,5.879574656486511
0,thompson,55,dickens,6.583444754282634
0,thompson,55,melville,6.697709858417511
0,thompson,55,wells,6.691949049631755
0,thompson,55,austen,7.000319004058838
0,thompson,55,fitzgerald,6.622191323174371
0,thompson,55,twain,6.34796412785848
0,thompson,55,non_oz_baum,6.145546317100525
0,thompson,55,non_oz_thompson,6.407455205917358
0,thompson,55,contested,5.803999066352844
0,thompson,56,train,5.797443687915802
0,thompson,56,baum,6.092556715011597
0,thompson,56,thompson,5.863300681114197
0,thompson,56,dickens,6.575281063715617
0,thompson,56,melville,6.691829562187195
0,thompson,56,wells,6.685969829559326
0,thompson,56,austen,6.988251447677612
0,thompson,56,fitzgerald,6.608407232496473
0,thompson,56,twain,6.338888168334961
0,thompson,56,non_oz_baum,6.13019073009491
0,thompson,56,non_oz_thompson,6.396025896072388
0,thompson,56,contested,5.782248497009277
0,thompson,57,train,5.740803261597951
0,thompson,57,baum,6.071493625640869
0,thompson,57,thompson,5.835885524749756
0,thompson,57,dickens,6.561850468317668
0,thompson,57,melville,6.679613709449768
0,thompson,57,wells,6.671673615773519
0,thompson,57,austen,6.978280782699585
0,thompson,57,fitzgerald,6.594032605489095
0,thompson,57,twain,6.317936182022095
0,thompson,57,non_oz_baum,6.109039545059204
0,thompson,57,non_oz_thompson,6.379409551620483
0,thompson,57,contested,5.756851077079773
0,thompson,58,train,5.725377917289734
0,thompson,58,baum,6.054656744003296
0,thompson,58,thompson,5.815937161445618
0,thompson,58,dickens,6.555295467376709
0,thompson,58,melville,6.673727750778198
0,thompson,58,wells,6.666629155476888
0,thompson,58,austen,6.971048593521118
0,thompson,58,fitzgerald,6.583886729346381
0,thompson,58,twain,6.30950403213501
0,thompson,58,non_oz_baum,6.095179557800293
0,thompson,58,non_oz_thompson,6.369320631027222
0,thompson,58,contested,5.73533833026886
0,thompson,59,train,5.675265053908031
0,thompson,59,baum,6.035936117172241
0,thompson,59,thompson,5.793011426925659
0,thompson,59,dickens,6.542415499687195
0,thompson,59,melville,6.664638042449951
0,thompson,59,wells,6.654050985972087
0,thompson,59,austen,6.960287809371948
0,thompson,59,fitzgerald,6.570692751142714
0,thompson,59,twain,6.297739744186401
0,thompson,59,non_oz_baum,6.0774760246276855
0,thompson,59,non_oz_thompson,6.353378057479858
0,thompson,59,contested,5.712277889251709
0,thompson,60,train,5.694458564122518
0,thompson,60,baum,6.023937344551086
0,thompson,60,thompson,5.774996995925903
0,thompson,60,dickens,6.536469181378682
0,thompson,60,melville,6.656923472881317
0,thompson,60,wells,6.6500857671101885
0,thompson,60,austen,6.952267169952393
0,thompson,60,fitzgerald,6.559391445583767
0,thompson,60,twain,6.284061352411906
0,thompson,60,non_oz_baum,6.064272999763489
0,thompson,60,non_oz_thompson,6.34110689163208
0,thompson,60,contested,5.693848848342896
0,thompson,61,train,5.649163981278737
0,thompson,61,baum,6.0052570104599
0,thompson,61,thompson,5.751353979110718
0,thompson,61,dickens,6.524836540222168
0,thompson,61,melville,6.647943556308746
0,thompson,61,wells,6.639046669006348
0,thompson,61,austen,6.9435715675354
0,thompson,61,fitzgerald,6.549428621927897
0,thompson,61,twain,6.272183895111084
0,thompson,61,non_oz_baum,6.049328565597534
0,thompson,61,non_oz_thompson,6.325036525726318
0,thompson,61,contested,5.671823740005493
0,thompson,62,train,5.614229718844096
0,thompson,62,baum,5.988575339317322
0,thompson,62,thompson,5.728453159332275
0,thompson,62,dickens,6.5167272090911865
0,thompson,62,melville,6.640264093875885
0,thompson,62,wells,6.632110277811687
0,thompson,62,austen,6.93492579460144
0,thompson,62,fitzgerald,6.538927661048041
0,thompson,62,twain,6.259294033050537
0,thompson,62,non_oz_baum,6.034443378448486
0,thompson,62,non_oz_thompson,6.315085887908936
0,thompson,62,contested,5.652701139450073
0,thompson,63,train,5.616082549095154
0,thompson,63,baum,5.97412896156311
0,thompson,63,thompson,5.71071195602417
0,thompson,63,dickens,6.508312662442525
0,thompson,63,melville,6.634178996086121
0,thompson,63,wells,6.624496301015218
0,thompson,63,austen,6.929808616638184
0,thompson,63,fitzgerald,6.526533232794868
0,thompson,63,twain,6.254517157872518
0,thompson,63,non_oz_baum,6.021212458610535
0,thompson,63,non_oz_thompson,6.304063558578491
0,thompson,63,contested,5.634398102760315
0,thompson,64,train,5.588987310727437
0,thompson,64,baum,5.960047125816345
0,thompson,64,thompson,5.692254304885864
0,thompson,64,dickens,6.50039275487264
0,thompson,64,melville,6.6270217299461365
0,thompson,64,wells,6.617068608601888
0,thompson,64,austen,6.9235999584198
0,thompson,64,fitzgerald,6.516224596235487
0,thompson,64,twain,6.240123510360718
0,thompson,64,non_oz_baum,6.006372332572937
0,thompson,64,non_oz_thompson,6.290994644165039
0,thompson,64,contested,5.615286350250244
0,thompson,65,train,5.5720926721890764
0,thompson,65,baum,5.947902083396912
0,thompson,65,thompson,5.673757195472717
0,thompson,65,dickens,6.494508186976115
0,thompson,65,melville,6.621890962123871
0,thompson,65,wells,6.610907077789307
0,thompson,65,austen,6.919402599334717
0,thompson,65,fitzgerald,6.507534927792019
0,thompson,65,twain,6.231073458989461
0,thompson,65,non_oz_baum,5.995562553405762
0,thompson,65,non_oz_thompson,6.280658721923828
0,thompson,65,contested,5.598763108253479
0,thompson,66,train,5.538572728633881
0,thompson,66,baum,5.935253620147705
0,thompson,66,thompson,5.658995509147644
0,thompson,66,dickens,6.489927172660828
0,thompson,66,melville,6.616402864456177
0,thompson,66,wells,6.607868989308675
0,thompson,66,austen,6.913742542266846
0,thompson,66,fitzgerald,6.497669484880236
0,thompson,66,twain,6.222684542338054
0,thompson,66,non_oz_baum,5.981926202774048
0,thompson,66,non_oz_thompson,6.273013114929199
0,thompson,66,contested,5.580120325088501
0,thompson,67,train,5.51974892616272
0,thompson,67,baum,5.921466112136841
0,thompson,67,thompson,5.637698173522949
0,thompson,67,dickens,6.479954759279887
0,thompson,67,melville,6.608484923839569
0,thompson,67,wells,6.598946412404378
0,thompson,67,austen,6.907420158386231
0,thompson,67,fitzgerald,6.489952776167128
0,thompson,67,twain,6.20833953221639
0,thompson,67,non_oz_baum,5.968127131462097
0,thompson,67,non_oz_thompson,6.257866621017456
0,thompson,67,contested,5.5621256828308105
0,thompson,68,train,5.47384778658549
0,thompson,68,baum,5.9083491563797
0,thompson,68,thompson,5.6184293031692505
0,thompson,68,dickens,6.4795481363932295
0,thompson,68,melville,6.611007988452911
0,thompson,68,wells,6.60096009572347
0,thompson,68,austen,6.908292055130005
0,thompson,68,fitzgerald,6.485038704342312
0,thompson,68,twain,6.209000746409099
0,thompson,68,non_oz_baum,5.960090041160584
0,thompson,68,non_oz_thompson,6.252962112426758
0,thompson,68,contested,5.546129822731018
0,thompson,69,train,5.50422340631485
0,thompson,69,baum,5.899120092391968
0,thompson,69,thompson,5.60873019695282
0,thompson,69,dickens,6.472834984461467
0,thompson,69,melville,6.599738955497742
0,thompson,69,wells,6.591583251953125
0,thompson,69,austen,6.89966893196106
0,thompson,69,fitzgerald,6.474747498830159
0,thompson,69,twain,6.196192979812622
0,thompson,69,non_oz_baum,5.949423789978027
0,thompson,69,non_oz_thompson,6.243025302886963
0,thompson,69,contested,5.532155156135559
0,thompson,70,train,5.444616516431172
0,thompson,70,baum,5.885306477546692
0,thompson,70,thompson,5.587096571922302
0,thompson,70,dickens,6.463342785835266
0,thompson,70,melville,6.59698474407196
0,thompson,70,wells,6.585764726003011
0,thompson,70,austen,6.89462161064148
0,thompson,70,fitzgerald,6.469912581973606
0,thompson,70,twain,6.189579566319783
0,thompson,70,non_oz_baum,5.934301733970642
0,thompson,70,non_oz_thompson,6.23002028465271
0,thompson,70,contested,5.513210773468018
0,thompson,71,train,5.452793538570404
0,thompson,71,baum,5.877944707870483
0,thompson,71,thompson,5.573896288871765
0,thompson,71,dickens,6.458081603050232
0,thompson,71,melville,6.592268407344818
0,thompson,71,wells,6.580014069875081
0,thompson,71,austen,6.889714241027832
0,thompson,71,fitzgerald,6.46119303173489
0,thompson,71,twain,6.183913310368856
0,thompson,71,non_oz_baum,5.9270384311676025
0,thompson,71,non_oz_thompson,6.223681926727295
0,thompson,71,contested,5.50232720375061
0,thompson,72,train,5.4292118946711225
0,thompson,72,baum,5.86470365524292
0,thompson,72,thompson,5.552532076835632
0,thompson,72,dickens,6.452670097351074
0,thompson,72,melville,6.586752533912659
0,thompson,72,wells,6.578773657480876
0,thompson,72,austen,6.887541770935059
0,thompson,72,fitzgerald,6.454919656117757
0,thompson,72,twain,6.170546849568685
0,thompson,72,non_oz_baum,5.915021896362305
0,thompson,72,non_oz_thompson,6.212566375732422
0,thompson,72,contested,5.486391544342041
0,thompson,73,train,5.411219139893849
0,thompson,73,baum,5.855593919754028
0,thompson,73,thompson,5.536972999572754
0,thompson,73,dickens,6.449729998906453
0,thompson,73,melville,6.582479953765869
0,thompson,73,wells,6.571961402893066
0,thompson,73,austen,6.880564212799072
0,thompson,73,fitzgerald,6.446843253241645
0,thompson,73,twain,6.165848255157471
0,thompson,73,non_oz_baum,5.907221436500549
0,thompson,73,non_oz_thompson,6.208258867263794
0,thompson,73,contested,5.474059104919434
0,thompson,74,train,5.39044467608134
0,thompson,74,baum,5.845034122467041
0,thompson,74,thompson,5.523074984550476
0,thompson,74,dickens,6.441827575365703
0,thompson,74,melville,6.577293336391449
0,thompson,74,wells,6.566641012827556
0,thompson,74,austen,6.876405239105225
0,thompson,74,fitzgerald,6.444637139638265
0,thompson,74,twain,6.15855058034261
0,thompson,74,non_oz_baum,5.896029114723206
0,thompson,74,non_oz_thompson,6.197558641433716
0,thompson,74,contested,5.459040999412537
0,thompson,75,train,5.378987530867259
0,thompson,75,baum,5.838376402854919
0,thompson,75,thompson,5.507670521736145
0,thompson,75,dickens,6.442306915918986
0,thompson,75,melville,6.5776931047439575
0,thompson,75,wells,6.571704228719075
0,thompson,75,austen,6.878082752227783
0,thompson,75,fitzgerald,6.439964771270752
0,thompson,75,twain,6.154443184534709
0,thompson,75,non_oz_baum,5.88819944858551
0,thompson,75,non_oz_thompson,6.190382719039917
0,thompson,75,contested,5.445886135101318
0,thompson,76,train,5.372342964013417
0,thompson,76,baum,5.8266003131866455
0,thompson,76,thompson,5.493353843688965
0,thompson,76,dickens,6.434294144312541
0,thompson,76,melville,6.572923719882965
0,thompson,76,wells,6.564528306325276
0,thompson,76,austen,6.870611667633057
0,thompson,76,fitzgerald,6.430841128031413
0,thompson,76,twain,6.143939574559529
0,thompson,76,non_oz_baum,5.874697208404541
0,thompson,76,non_oz_thompson,6.183506965637207
0,thompson,76,contested,5.43061101436615
0,thompson,77,train,5.325651029745738
0,thompson,77,baum,5.817512512207031
0,thompson,77,thompson,5.476816296577454
0,thompson,77,dickens,6.431103825569153
0,thompson,77,melville,6.574291110038757
0,thompson,77,wells,6.558276653289795
0,thompson,77,austen,6.866259574890137
0,thompson,77,fitzgerald,6.428831577301025
0,thompson,77,twain,6.1440300941467285
0,thompson,77,non_oz_baum,5.870647788047791
0,thompson,77,non_oz_thompson,6.1754021644592285
0,thompson,77,contested,5.418647646903992
0,thompson,78,train,5.351203242937724
0,thompson,78,baum,5.811361193656921
0,thompson,78,thompson,5.466313600540161
0,thompson,78,dickens,6.429017225901286
0,thompson,78,melville,6.567263305187225
0,thompson,78,wells,6.558967431386312
0,thompson,78,austen,6.863697528839111
0,thompson,78,fitzgerald,6.42323096593221
0,thompson,78,twain,6.135524988174439
0,thompson,78,non_oz_baum,5.862258434295654
0,thompson,78,non_oz_thompson,6.171489715576172
0,thompson,78,contested,5.407317757606506
0,thompson,79,train,5.291441202163696
0,thompson,79,baum,5.798287987709045
0,thompson,79,thompson,5.451700448989868
0,thompson,79,dickens,6.421379923820496
0,thompson,79,melville,6.563000500202179
0,thompson,79,wells,6.550650755564372
0,thompson,79,austen,6.856833934783936
0,thompson,79,fitzgerald,6.419707351260716
0,thompson,79,twain,6.130540688832601
0,thompson,79,non_oz_baum,5.851304054260254
0,thompson,79,non_oz_thompson,6.161352634429932
0,thompson,79,contested,5.393557667732239
0,thompson,80,train,5.329240918159485
0,thompson,80,baum,5.793998718261719
0,thompson,80,thompson,5.441529750823975
0,thompson,80,dickens,6.421956976254781
0,thompson,80,melville,6.561928033828735
0,thompson,80,wells,6.552426338195801
0,thompson,80,austen,6.85733962059021
0,thompson,80,fitzgerald,6.414926899804009
0,thompson,80,twain,6.126899242401123
0,thompson,80,non_oz_baum,5.846070885658264
0,thompson,80,non_oz_thompson,6.157961845397949
0,thompson,80,contested,5.383401036262512
0,thompson,81,train,5.273416817188263
0,thompson,81,baum,5.7867045402526855
0,thompson,81,thompson,5.429239869117737
0,thompson,81,dickens,6.419761061668396
0,thompson,81,melville,6.560348331928253
0,thompson,81,wells,6.55178689956665
0,thompson,81,austen,6.860085964202881
0,thompson,81,fitzgerald,6.412086910671658
0,thompson,81,twain,6.12182092666626
0,thompson,81,non_oz_baum,5.839236259460449
0,thompson,81,non_oz_thompson,6.148727178573608
0,thompson,81,contested,5.3716888427734375
0,thompson,82,train,5.266094545523326
0,thompson,82,baum,5.775691747665405
0,thompson,82,thompson,5.413735270500183
0,thompson,82,dickens,6.409362713495891
0,thompson,82,melville,6.5549222230911255
0,thompson,82,wells,6.53836727142334
0,thompson,82,austen,6.84865665435791
0,thompson,82,fitzgerald,6.40418799718221
0,thompson,82,twain,6.112203439076741
0,thompson,82,non_oz_baum,5.83028519153595
0,thompson,82,non_oz_thompson,6.139805555343628
0,thompson,82,contested,5.360995173454285
0,thompson,83,train,5.2393625775973005
0,thompson,83,baum,5.765419125556946
0,thompson,83,thompson,5.399835705757141
0,thompson,83,dickens,6.404673973719279
0,thompson,83,melville,6.55348801612854
0,thompson,83,wells,6.536412715911865
0,thompson,83,austen,6.844553470611572
0,thompson,83,fitzgerald,6.402170446183947
0,thompson,83,twain,6.111862897872925
0,thompson,83,non_oz_baum,5.823081851005554
0,thompson,83,non_oz_thompson,6.135849237442017
0,thompson,83,contested,5.349111914634705
0,thompson,84,train,5.257558604081472
0,thompson,84,baum,5.757504820823669
0,thompson,84,thompson,5.390094637870789
0,thompson,84,dickens,6.406107266743978
0,thompson,84,melville,6.552150428295136
0,thompson,84,wells,6.5344258944193525
0,thompson,84,austen,6.846681833267212
0,thompson,84,fitzgerald,6.3981972270541725
0,thompson,84,twain,6.106134255727132
0,thompson,84,non_oz_baum,5.820101976394653
0,thompson,84,non_oz_thompson,6.130926609039307
0,thompson,84,contested,5.341020703315735
0,thompson,85,train,5.228563725948334
0,thompson,85,baum,5.750817060470581
0,thompson,85,thompson,5.381403803825378
0,thompson,85,dickens,6.406637986501058
0,thompson,85,melville,6.555060267448425
0,thompson,85,wells,6.539494355519612
0,thompson,85,austen,6.847276926040649
0,thompson,85,fitzgerald,6.396045207977295
0,thompson,85,twain,6.108462333679199
0,thompson,85,non_oz_baum,5.817115306854248
0,thompson,85,non_oz_thompson,6.126775503158569
0,thompson,85,contested,5.333954572677612
0,thompson,86,train,5.220891793568929
0,thompson,86,baum,5.74212658405304
0,thompson,86,thompson,5.372895956039429
0,thompson,86,dickens,6.39968736966451
0,thompson,86,melville,6.547878682613373
0,thompson,86,wells,6.532121340433757
0,thompson,86,austen,6.84397029876709
0,thompson,86,fitzgerald,6.38979795244005
0,thompson,86,twain,6.097589413324992
0,thompson,86,non_oz_baum,5.803303241729736
0,thompson,86,non_oz_thompson,6.11888313293457
0,thompson,86,contested,5.322895407676697
0,thompson,87,train,5.201381663481395
0,thompson,87,baum,5.735625863075256
0,thompson,87,thompson,5.361037015914917
0,thompson,87,dickens,6.39848776658376
0,thompson,87,melville,6.549636602401733
0,thompson,87,wells,6.530132452646892
0,thompson,87,austen,6.842311382293701
0,thompson,87,fitzgerald,6.390830463833279
0,thompson,87,twain,6.09919023513794
0,thompson,87,non_oz_baum,5.800684571266174
0,thompson,87,non_oz_thompson,6.113922357559204
0,thompson,87,contested,5.317341446876526
0,thompson,88,train,5.203435699145
0,thompson,88,baum,5.7323304414749146
0,thompson,88,thompson,5.355263590812683
0,thompson,88,dickens,6.401928901672363
0,thompson,88,melville,6.550678908824921
0,thompson,88,wells,6.536680380503337
0,thompson,88,austen,6.845330953598023
0,thompson,88,fitzgerald,6.389759964413113
0,thompson,88,twain,6.099304676055908
0,thompson,88,non_oz_baum,5.793652176856995
0,thompson,88,non_oz_thompson,6.113146543502808
0,thompson,88,contested,5.308693170547485
0,thompson,89,train,5.189508616924286
0,thompson,89,baum,5.726433515548706
0,thompson,89,thompson,5.3429036140441895
0,thompson,89,dickens,6.3979190190633135
0,thompson,89,melville,6.5499449372291565
0,thompson,89,wells,6.531317234039307
0,thompson,89,austen,6.840596675872803
0,thompson,89,fitzgerald,6.387656105889215
0,thompson,89,twain,6.093346039454143
0,thompson,89,non_oz_baum,5.787451267242432
0,thompson,89,non_oz_thompson,6.109785318374634
0,thompson,89,contested,5.298362970352173
0,thompson,90,train,5.150067905584971
0,thompson,90,baum,5.719465374946594
0,thompson,90,thompson,5.337448000907898
0,thompson,90,dickens,6.396088560422261
0,thompson,90,melville,6.54527074098587
0,thompson,90,wells,6.53297758102417
0,thompson,90,austen,6.838816642761231
0,thompson,90,fitzgerald,6.382822089725071
0,thompson,90,twain,6.0888285636901855
0,thompson,90,non_oz_baum,5.783000349998474
0,thompson,90,non_oz_thompson,6.101666927337647
0,thompson,90,contested,5.290785074234009
0,thompson,91,train,5.162697275479634
0,thompson,91,baum,5.71688723564148
0,thompson,91,thompson,5.328094124794006
0,thompson,91,dickens,6.394085685412089
0,thompson,91,melville,6.547764539718628
0,thompson,91,wells,6.533920605977376
0,thompson,91,austen,6.8358073234558105
0,thompson,91,fitzgerald,6.383626566992866
0,thompson,91,twain,6.087756315867106
0,thompson,91,non_oz_baum,5.779697299003601
0,thompson,91,non_oz_thompson,6.1000378131866455
0,thompson,91,contested,5.285371422767639
0,thompson,92,train,5.148672481377919
0,thompson,92,baum,5.711487531661987
0,thompson,92,thompson,5.320860147476196
0,thompson,92,dickens,6.393811345100403
0,thompson,92,melville,6.543880641460419
0,thompson,92,wells,6.527331193288167
0,thompson,92,austen,6.838041543960571
0,thompson,92,fitzgerald,6.378429677751329
0,thompson,92,twain,6.08441956837972
0,thompson,92,non_oz_baum,5.774702548980713
0,thompson,92,non_oz_thompson,6.09551215171814
0,thompson,92,contested,5.2764222621917725
0,thompson,93,train,5.136416137218475
0,thompson,93,baum,5.702493190765381
0,thompson,93,thompson,5.306549072265625
0,thompson,93,dickens,6.386638800303142
0,thompson,93,melville,6.54325658082962
0,thompson,93,wells,6.522482554117839
0,thompson,93,austen,6.835908651351929
0,thompson,93,fitzgerald,6.379812558492024
0,thompson,93,twain,6.079681793848674
0,thompson,93,non_oz_baum,5.76967179775238
0,thompson,93,non_oz_thompson,6.088510751724243
0,thompson,93,contested,5.267862439155579
0,thompson,94,train,5.139645596345265
0,thompson,94,baum,5.699657320976257
0,thompson,94,thompson,5.304037570953369
0,thompson,94,dickens,6.388286749521892
0,thompson,94,melville,6.543550968170166
0,thompson,94,wells,6.525116761525472
0,thompson,94,austen,6.833307266235352
0,thompson,94,fitzgerald,6.373983012305366
0,thompson,94,twain,6.078997532526652
0,thompson,94,non_oz_baum,5.763584733009338
0,thompson,94,non_oz_thompson,6.087132930755615
0,thompson,94,contested,5.262112140655518
0,thompson,95,train,5.093434949715932
0,thompson,95,baum,5.697787165641785
0,thompson,95,thompson,5.293991923332214
0,thompson,95,dickens,6.385967532793681
0,thompson,95,melville,6.542082846164703
0,thompson,95,wells,6.520989735921224
0,thompson,95,austen,6.833526611328125
0,thompson,95,fitzgerald,6.368149015638563
0,thompson,95,twain,6.072425285975139
0,thompson,95,non_oz_baum,5.758687376976013
0,thompson,95,non_oz_thompson,6.083166599273682
0,thompson,95,contested,5.254321098327637
0,thompson,96,train,5.079009155432384
0,thompson,96,baum,5.696793437004089
0,thompson,96,thompson,5.285624980926514
0,thompson,96,dickens,6.388704021771749
0,thompson,96,melville,6.545257806777954
0,thompson,96,wells,6.532814661661784
0,thompson,96,austen,6.839853048324585
0,thompson,96,fitzgerald,6.376424312591553
0,thompson,96,twain,6.077450275421143
0,thompson,96,non_oz_baum,5.756087183952332
0,thompson,96,non_oz_thompson,6.081825494766235
0,thompson,96,contested,5.246835231781006
0,thompson,97,train,5.088658928871155
0,thompson,97,baum,5.689041018486023
0,thompson,97,thompson,5.269536733627319
0,thompson,97,dickens,6.382894317309062
0,thompson,97,melville,6.541185021400452
0,thompson,97,wells,6.519257545471191
0,thompson,97,austen,6.831498861312866
0,thompson,97,fitzgerald,6.370478206210667
0,thompson,97,twain,6.069674173990886
0,thompson,97,non_oz_baum,5.750213265419006
0,thompson,97,non_oz_thompson,6.0767083168029785
0,thompson,97,contested,5.237698554992676
0,thompson,98,train,5.059460341930389
0,thompson,98,baum,5.682701587677002
0,thompson,98,thompson,5.261053204536438
0,thompson,98,dickens,6.382641077041626
0,thompson,98,melville,6.544046342372894
0,thompson,98,wells,6.523144721984863
0,thompson,98,austen,6.830617904663086
0,thompson,98,fitzgerald,6.371042728424072
0,thompson,98,twain,6.066811402638753
0,thompson,98,non_oz_baum,5.748677015304565
0,thompson,98,non_oz_thompson,6.071646213531494
0,thompson,98,contested,5.233238935470581
0,thompson,99,train,5.063351591428121
0,thompson,99,baum,5.679748892784119
0,thompson,99,thompson,5.2522361278533936
0,thompson,99,dickens,6.377603650093079
0,thompson,99,melville,6.535435438156128
0,thompson,99,wells,6.519076824188232
0,thompson,99,austen,6.832653045654297
0,thompson,99,fitzgerald,6.368912008073595
0,thompson,99,twain,6.061607281366984
0,thompson,99,non_oz_baum,5.74174952507019
0,thompson,99,non_oz_thompson,6.068048715591431
0,thompson,99,contested,5.224132299423218
0,thompson,100,train,5.061344047387441
0,thompson,100,baum,5.670608162879944
0,thompson,100,thompson,5.243870258331299
0,thompson,100,dickens,6.376618425051372
0,thompson,100,melville,6.537862479686737
0,thompson,100,wells,6.516107082366943
0,thompson,100,austen,6.824719667434692
0,thompson,100,fitzgerald,6.368141386244032
0,thompson,100,twain,6.058660745620728
0,thompson,100,non_oz_baum,5.739925742149353
0,thompson,100,non_oz_thompson,6.062581539154053
0,thompson,100,contested,5.220942258834839
0,thompson,101,train,5.057537277539571
0,thompson,101,baum,5.665179371833801
0,thompson,101,thompson,5.238049745559692
0,thompson,101,dickens,6.371826608975728
0,thompson,101,melville,6.5355104804039
0,thompson,101,wells,6.515743732452393
0,thompson,101,austen,6.825270891189575
0,thompson,101,fitzgerald,6.365354114108616
0,thompson,101,twain,6.0551315148671465
0,thompson,101,non_oz_baum,5.7318607568740845
0,thompson,101,non_oz_thompson,6.058686256408691
0,thompson,101,contested,5.213484048843384
0,thompson,102,train,5.04173344373703
0,thompson,102,baum,5.664098620414734
0,thompson,102,thompson,5.226866126060486
0,thompson,102,dickens,6.372460166613261
0,thompson,102,melville,6.533822894096375
0,thompson,102,wells,6.522506713867188
0,thompson,102,austen,6.827252388000488
0,thompson,102,fitzgerald,6.3643783463372126
0,thompson,102,twain,6.05106250445048
0,thompson,102,non_oz_baum,5.730483651161194
0,thompson,102,non_oz_thompson,6.055823802947998
0,thompson,102,contested,5.206672668457031
0,thompson,103,train,5.030627767244975
0,thompson,103,baum,5.661255121231079
0,thompson,103,thompson,5.222655534744263
0,thompson,103,dickens,6.369912306467692
0,thompson,103,melville,6.538583815097809
0,thompson,103,wells,6.516980012257894
0,thompson,103,austen,6.823308229446411
0,thompson,103,fitzgerald,6.363339900970459
0,thompson,103,twain,6.054678042729695
0,thompson,103,non_oz_baum,5.72721266746521
0,thompson,103,non_oz_thompson,6.04984974861145
0,thompson,103,contested,5.202880144119263
0,thompson,104,train,5.035325229167938
0,thompson,104,baum,5.662037014961243
0,thompson,104,thompson,5.220821976661682
0,thompson,104,dickens,6.367499192555745
0,thompson,104,melville,6.534505605697632
0,thompson,104,wells,6.521928310394287
0,thompson,104,austen,6.827129602432251
0,thompson,104,fitzgerald,6.359463055928548
0,thompson,104,twain,6.0517895221710205
0,thompson,104,non_oz_baum,5.721955180168152
0,thompson,104,non_oz_thompson,6.05074667930603
0,thompson,104,contested,5.196462273597717
0,thompson,105,train,5.000241259733836
0,thompson,105,baum,5.660196781158447
0,thompson,105,thompson,5.2072484493255615
0,thompson,105,dickens,6.370325048764546
0,thompson,105,melville,6.53871214389801
0,thompson,105,wells,6.524189790089925
0,thompson,105,austen,6.826988458633423
0,thompson,105,fitzgerald,6.366017023722331
0,thompson,105,twain,6.053739627202352
0,thompson,105,non_oz_baum,5.723839640617371
0,thompson,105,non_oz_thompson,6.04702615737915
0,thompson,105,contested,5.194140195846558
0,thompson,106,train,5.010668595631917
0,thompson,106,baum,5.661635160446167
0,thompson,106,thompson,5.20529055595398
0,thompson,106,dickens,6.372068007787068
0,thompson,106,melville,6.535262405872345
0,thompson,106,wells,6.521530787150065
0,thompson,106,austen,6.8312811851501465
0,thompson,106,fitzgerald,6.367928663889567
0,thompson,106,twain,6.050444444020589
0,thompson,106,non_oz_baum,5.7179272174835205
0,thompson,106,non_oz_thompson,6.046062231063843
0,thompson,106,contested,5.188964366912842
0,thompson,107,train,5.012085457642873
0,thompson,107,baum,5.65114176273346
0,thompson,107,thompson,5.196540355682373
0,thompson,107,dickens,6.366020917892456
0,thompson,107,melville,6.5357197523117065
0,thompson,107,wells,6.514889399210612
0,thompson,107,austen,6.824658632278442
0,thompson,107,fitzgerald,6.359943919711643
0,thompson,107,twain,6.042988141377767
0,thompson,107,non_oz_baum,5.714842319488525
0,thompson,107,non_oz_thompson,6.040701627731323
0,thompson,107,contested,5.182103395462036
0,thompson,108,train,4.989808221658071
0,thompson,108,baum,5.649994730949402
0,thompson,108,thompson,5.18991231918335
0,thompson,108,dickens,6.376314798990886
0,thompson,108,melville,6.5424792766571045
0,thompson,108,wells,6.527309894561768
0,thompson,108,austen,6.827536344528198
0,thompson,108,fitzgerald,6.370964898003472
0,thompson,108,twain,6.05236538251241
0,thompson,108,non_oz_baum,5.714679837226868
0,thompson,108,non_oz_thompson,6.042767286300659
0,thompson,108,contested,5.1793506145477295
0,thompson,109,train,4.979806462923686
0,thompson,109,baum,5.641361117362976
0,thompson,109,thompson,5.178091645240784
0,thompson,109,dickens,6.366675972938538
0,thompson,109,melville,6.538720548152924
0,thompson,109,wells,6.515686670939128
0,thompson,109,austen,6.818263053894043
0,thompson,109,fitzgerald,6.359675619337294
0,thompson,109,twain,6.049391269683838
0,thompson,109,non_oz_baum,5.710237383842468
0,thompson,109,non_oz_thompson,6.033755779266357
0,thompson,109,contested,5.172635197639465
0,thompson,110,train,4.97187211116155
0,thompson,110,baum,5.639054298400879
0,thompson,110,thompson,5.1772695779800415
0,thompson,110,dickens,6.369374593098958
0,thompson,110,melville,6.5369598269462585
0,thompson,110,wells,6.523336887359619
0,thompson,110,austen,6.823460578918457
0,thompson,110,fitzgerald,6.363659699757894
0,thompson,110,twain,6.048444827397664
0,thompson,110,non_oz_baum,5.706426382064819
0,thompson,110,non_oz_thompson,6.033126354217529
0,thompson,110,contested,5.16619598865509
0,thompson,111,train,4.957423905531566
0,thompson,111,baum,5.638808608055115
0,thompson,111,thompson,5.1695556640625
0,thompson,111,dickens,6.363807996114095
0,thompson,111,melville,6.537326514720917
0,thompson,111,wells,6.518423398335774
0,thompson,111,austen,6.817415237426758
0,thompson,111,fitzgerald,6.360707918802897
0,thompson,111,twain,6.04237429300944
0,thompson,111,non_oz_baum,5.703466296195984
0,thompson,111,non_oz_thompson,6.02931547164917
0,thompson,111,contested,5.160267949104309
0,thompson,112,train,4.937788347403209
0,thompson,112,baum,5.635019659996033
0,thompson,112,thompson,5.165857195854187
0,thompson,112,dickens,6.364878972371419
0,thompson,112,melville,6.537690043449402
0,thompson,112,wells,6.521793206532796
0,thompson,112,austen,6.820893287658691
0,thompson,112,fitzgerald,6.356688923305935
0,thompson,112,twain,6.042813777923584
0,thompson,112,non_oz_baum,5.700954794883728
0,thompson,112,non_oz_thompson,6.031455993652344
0,thompson,112,contested,5.1577829122543335
0,thompson,113,train,4.9575791756312055
0,thompson,113,baum,5.625177979469299
0,thompson,113,thompson,5.1539225578308105
0,thompson,113,dickens,6.364948709805806
0,thompson,113,melville,6.539890170097351
0,thompson,113,wells,6.520797252655029
0,thompson,113,austen,6.817708969116211
0,thompson,113,fitzgerald,6.36234802669949
0,thompson,113,twain,6.044476509094238
0,thompson,113,non_oz_baum,5.6968162059783936
0,thompson,113,non_oz_thompson,6.028497695922852
0,thompson,113,contested,5.153284072875977
0,thompson,114,train,4.924059152603149
0,thompson,114,baum,5.625845193862915
0,thompson,114,thompson,5.150150179862976
0,thompson,114,dickens,6.358184536298116
0,thompson,114,melville,6.535356104373932
0,thompson,114,wells,6.514054934183757
0,thompson,114,austen,6.810867071151733
0,thompson,114,fitzgerald,6.3584070735507545
0,thompson,114,twain,6.043826421101888
0,thompson,114,non_oz_baum,5.69339919090271
0,thompson,114,non_oz_thompson,6.018279314041138
0,thompson,114,contested,5.148412346839905
0,thompson,115,train,4.952947040398915
0,thompson,115,baum,5.622456669807434
0,thompson,115,thompson,5.1473695039749146
0,thompson,115,dickens,6.36562176545461
0,thompson,115,melville,6.540597498416901
0,thompson,115,wells,6.525114854176839
0,thompson,115,austen,6.822960615158081
0,thompson,115,fitzgerald,6.356607119242351
0,thompson,115,twain,6.040529886881511
0,thompson,115,non_oz_baum,5.68999707698822
0,thompson,115,non_oz_thompson,6.020490407943726
0,thompson,115,contested,5.142316460609436
0,thompson,116,train,4.918744921684265
0,thompson,116,baum,5.616573929786682
0,thompson,116,thompson,5.139433979988098
0,thompson,116,dickens,6.364759763081868
0,thompson,116,melville,6.545388400554657
0,thompson,116,wells,6.5225880940755205
0,thompson,116,austen,6.817867755889893
0,thompson,116,fitzgerald,6.362709999084473
0,thompson,116,twain,6.044269561767578
0,thompson,116,non_oz_baum,5.6958606243133545
0,thompson,116,non_oz_thompson,6.017373085021973
0,thompson,116,contested,5.137846350669861
0,thompson,117,train,4.933639764785767
0,thompson,117,baum,5.615822672843933
0,thompson,117,thompson,5.135421514511108
0,thompson,117,dickens,6.366662263870239
0,thompson,117,melville,6.539721846580505
0,thompson,117,wells,6.519749641418457
0,thompson,117,austen,6.815659523010254
0,thompson,117,fitzgerald,6.360049883524577
0,thompson,117,twain,6.03965425491333
0,thompson,117,non_oz_baum,5.688241720199585
0,thompson,117,non_oz_thompson,6.020705223083496
0,thompson,117,contested,5.133425831794739
0,thompson,118,train,4.901614209016164
0,thompson,118,baum,5.613455891609192
0,thompson,118,thompson,5.124086260795593
0,thompson,118,dickens,6.35759715239207
0,thompson,118,melville,6.542427062988281
0,thompson,118,wells,6.512186845143636
0,thompson,118,austen,6.81165337562561
0,thompson,118,fitzgerald,6.352181593577067
0,thompson,118,twain,6.040101369222005
0,thompson,118,non_oz_baum,5.682432055473328
0,thompson,118,non_oz_thompson,6.008033037185669
0,thompson,118,contested,5.125784754753113
0,thompson,119,train,4.925983826319377
0,thompson,119,baum,5.613945722579956
0,thompson,119,thompson,5.126394391059876
0,thompson,119,dickens,6.366405328114827
0,thompson,119,melville,6.541904926300049
0,thompson,119,wells,6.522632757822673
0,thompson,119,austen,6.822602033615112
0,thompson,119,fitzgerald,6.35585880279541
0,thompson,119,twain,6.040244181950887
0,thompson,119,non_oz_baum,5.683847665786743
0,thompson,119,non_oz_thompson,6.012379884719849
0,thompson,119,contested,5.122696399688721
0,thompson,120,train,4.913449863592784
0,thompson,120,baum,5.612953424453735
0,thompson,120,thompson,5.122857332229614
0,thompson,120,dickens,6.371290644009908
0,thompson,120,melville,6.547654032707214
0,thompson,120,wells,6.529200077056885
0,thompson,120,austen,6.823765993118286
0,thompson,120,fitzgerald,6.359939257303874
0,thompson,120,twain,6.038258949915568
0,thompson,120,non_oz_baum,5.680376768112183
0,thompson,120,non_oz_thompson,6.014235019683838
0,thompson,120,contested,5.117980241775513
0,thompson,121,train,4.905236184597015
0,thompson,121,baum,5.603385210037232
0,thompson,121,thompson,5.109610319137573
0,thompson,121,dickens,6.35963249206543
0,thompson,121,melville,6.544862806797028
0,thompson,121,wells,6.515661557515462
0,thompson,121,austen,6.821509599685669
0,thompson,121,fitzgerald,6.350300735897488
0,thompson,121,twain,6.034077008565267
0,thompson,121,non_oz_baum,5.679012179374695
0,thompson,121,non_oz_thompson,6.000616788864136
0,thompson,121,contested,5.114447236061096
0,thompson,122,train,4.891578535238902
0,thompson,122,baum,5.599924921989441
0,thompson,122,thompson,5.105706095695496
0,thompson,122,dickens,6.360943992932637
0,thompson,122,melville,6.540474593639374
0,thompson,122,wells,6.516188462575276
0,thompson,122,austen,6.819516658782959
0,thompson,122,fitzgerald,6.349173121982151
0,thompson,122,twain,6.034996589024861
0,thompson,122,non_oz_baum,5.677449584007263
0,thompson,122,non_oz_thompson,6.000730037689209
0,thompson,122,contested,5.110315918922424
0,thompson,123,train,4.86666586001714
0,thompson,123,baum,5.596508860588074
0,thompson,123,thompson,5.105937600135803
0,thompson,123,dickens,6.370744188626607
0,thompson,123,melville,6.551831841468811
0,thompson,123,wells,6.526430447896321
0,thompson,123,austen,6.828131437301636
0,thompson,123,fitzgerald,6.351924101511638
0,thompson,123,twain,6.035213867823283
0,thompson,123,non_oz_baum,5.679741621017456
0,thompson,123,non_oz_thompson,6.00398063659668
0,thompson,123,contested,5.112398386001587
0,thompson,124,train,4.871209402879079
0,thompson,124,baum,5.598516821861267
0,thompson,124,thompson,5.095136523246765
0,thompson,124,dickens,6.357697208722432
0,thompson,124,melville,6.542291939258575
0,thompson,124,wells,6.508690516153972
0,thompson,124,austen,6.81726336479187
0,thompson,124,fitzgerald,6.345069037543403
0,thompson,124,twain,6.030318180720012
0,thompson,124,non_oz_baum,5.67294704914093
0,thompson,124,non_oz_thompson,5.99685525894165
0,thompson,124,contested,5.098749876022339
0,thompson,125,train,4.879838009675344
0,thompson,125,baum,5.600414633750916
0,thompson,125,thompson,5.094809651374817
0,thompson,125,dickens,6.36626394589742
0,thompson,125,melville,6.541326403617859
0,thompson,125,wells,6.517536481221517
0,thompson,125,austen,6.821630954742432
0,thompson,125,fitzgerald,6.345964431762695
0,thompson,125,twain,6.028042475382487
0,thompson,125,non_oz_baum,5.67215895652771
0,thompson,125,non_oz_thompson,5.996220350265503
0,thompson,125,contested,5.099021911621094
0,thompson,126,train,4.867233574390411
0,thompson,126,baum,5.592625260353088
0,thompson,126,thompson,5.083852291107178
0,thompson,126,dickens,6.355403820673625
0,thompson,126,melville,6.542461156845093
0,thompson,126,wells,6.511833508809407
0,thompson,126,austen,6.808443784713745
0,thompson,126,fitzgerald,6.3529989454481335
0,thompson,126,twain,6.03092344601949
0,thompson,126,non_oz_baum,5.669056057929993
0,thompson,126,non_oz_thompson,5.9932615756988525
0,thompson,126,contested,5.095983386039734
0,thompson,127,train,4.832318643728892
0,thompson,127,baum,5.588265657424927
0,thompson,127,thompson,5.077226161956787
0,thompson,127,dickens,6.3577611446380615
0,thompson,127,melville,6.543866455554962
0,thompson,127,wells,6.511317253112793
0,thompson,127,austen,6.814685344696045
0,thompson,127,fitzgerald,6.352800528208415
0,thompson,127,twain,6.031655629475911
0,thompson,127,non_oz_baum,5.665759086608887
0,thompson,127,non_oz_thompson,5.988561630249023
0,thompson,127,contested,5.0939459800720215
0,thompson,128,train,4.863842308521271
0,thompson,128,baum,5.586666822433472
0,thompson,128,thompson,5.072339653968811
0,thompson,128,dickens,6.354739983876546
0,thompson,128,melville,6.53734964132309
0,thompson,128,wells,6.509671688079834
0,thompson,128,austen,6.805910110473633
0,thompson,128,fitzgerald,6.347116841210259
0,thompson,128,twain,6.025018612543742
0,thompson,128,non_oz_baum,5.664181113243103
0,thompson,128,non_oz_thompson,5.988321781158447
0,thompson,128,contested,5.085548043251038
0,thompson,129,train,4.832592189311981
0,thompson,129,baum,5.586344361305237
0,thompson,129,thompson,5.071656823158264
0,thompson,129,dickens,6.359431862831116
0,thompson,129,melville,6.538663029670715
0,thompson,129,wells,6.519400437672933
0,thompson,129,austen,6.8055579662323
0,thompson,129,fitzgerald,6.349352147844103
0,thompson,129,twain,6.023920615514119
0,thompson,129,non_oz_baum,5.662024259567261
0,thompson,129,non_oz_thompson,5.991867542266846
0,thompson,129,contested,5.084459543228149
0,thompson,130,train,4.83474584420522
0,thompson,130,baum,5.589613914489746
0,thompson,130,thompson,5.06455135345459
0,thompson,130,dickens,6.361050407091777
0,thompson,130,melville,6.549513936042786
0,thompson,130,wells,6.515461285909017
0,thompson,130,austen,6.822300672531128
0,thompson,130,fitzgerald,6.34458245171441
0,thompson,130,twain,6.026915232340495
0,thompson,130,non_oz_baum,5.661456227302551
0,thompson,130,non_oz_thompson,5.988967180252075
0,thompson,130,contested,5.078718543052673
0,thompson,131,train,4.812150359153748
0,thompson,131,baum,5.583323359489441
0,thompson,131,thompson,5.049416184425354
0,thompson,131,dickens,6.352099140485128
0,thompson,131,melville,6.541637718677521
0,thompson,131,wells,6.507265567779541
0,thompson,131,austen,6.794103145599365
0,thompson,131,fitzgerald,6.3488096661037865
0,thompson,131,twain,6.026224533716838
0,thompson,131,non_oz_baum,5.658178806304932
0,thompson,131,non_oz_thompson,5.977978706359863
0,thompson,131,contested,5.077251553535461
0,thompson,132,train,4.824540793895721
0,thompson,132,baum,5.580302834510803
0,thompson,132,thompson,5.049898743629456
0,thompson,132,dickens,6.36055064201355
0,thompson,132,melville,6.545448303222656
0,thompson,132,wells,6.513557593027751
0,thompson,132,austen,6.8058671951293945
0,thompson,132,fitzgerald,6.349443647596571
0,thompson,132,twain,6.025168100992839
0,thompson,132,non_oz_baum,5.657158374786377
0,thompson,132,non_oz_thompson,5.98202919960022
0,thompson,132,contested,5.073109149932861
0,thompson,133,train,4.826092739899953
0,thompson,133,baum,5.585416793823242
0,thompson,133,thompson,5.048677325248718
0,thompson,133,dickens,6.3508886496226
0,thompson,133,melville,6.53977644443512
0,thompson,133,wells,6.510419686635335
0,thompson,133,austen,6.8029091358184814
0,thompson,133,fitzgerald,6.34547773996989
0,thompson,133,twain,6.024956623713176
0,thompson,133,non_oz_baum,5.653136372566223
0,thompson,133,non_oz_thompson,5.977643489837647
0,thompson,133,contested,5.069156646728516
0,thompson,134,train,4.790121654669444
0,thompson,134,baum,5.5858622789382935
0,thompson,134,thompson,5.045237183570862
0,thompson,134,dickens,6.3570752541224165
0,thompson,134,melville,6.53931337594986
0,thompson,134,wells,6.516762574513753
0,thompson,134,austen,6.805295944213867
0,thompson,134,fitzgerald,6.34838162528144
0,thompson,134,twain,6.023864428202312
0,thompson,134,non_oz_baum,5.653605103492737
0,thompson,134,non_oz_thompson,5.9799230098724365
0,thompson,134,contested,5.069376707077026
0,thompson,135,train,4.795984268188477
0,thompson,135,baum,5.578090310096741
0,thompson,135,thompson,5.038874626159668
0,thompson,135,dickens,6.358836770057678
0,thompson,135,melville,6.5387298464775085
0,thompson,135,wells,6.516138553619385
0,thompson,135,austen,6.800941467285156
0,thompson,135,fitzgerald,6.353827158610026
0,thompson,135,twain,6.025403181711833
0,thompson,135,non_oz_baum,5.653815627098084
0,thompson,135,non_oz_thompson,5.979014158248901
0,thompson,135,contested,5.066501259803772
0,thompson,136,train,4.817629337310791
0,thompson,136,baum,5.57538652420044
0,thompson,136,thompson,5.028379559516907
0,thompson,136,dickens,6.354482928911845
0,thompson,136,melville,6.539625108242035
0,thompson,136,wells,6.512651125590007
0,thompson,136,austen,6.808934211730957
0,thompson,136,fitzgerald,6.34631527794732
0,thompson,136,twain,6.024931351343791
0,thompson,136,non_oz_baum,5.648695111274719
0,thompson,136,non_oz_thompson,5.976014137268066
0,thompson,136,contested,5.057945370674133
0,thompson,137,train,4.790692130724589
0,thompson,137,baum,5.573906064033508
0,thompson,137,thompson,5.023340106010437
0,thompson,137,dickens,6.351786057154338
0,thompson,137,melville,6.542954683303833
0,thompson,137,wells,6.5132748285929365
0,thompson,137,austen,6.814037322998047
0,thompson,137,fitzgerald,6.345378133985731
0,thompson,137,twain,6.021088679631551
0,thompson,137,non_oz_baum,5.646854281425476
0,thompson,137,non_oz_thompson,5.967455863952637
0,thompson,137,contested,5.0536476373672485
0,thompson,138,train,4.796423037846883
0,thompson,138,baum,5.572304606437683
0,thompson,138,thompson,5.021294474601746
0,thompson,138,dickens,6.348258535067241
0,thompson,138,melville,6.543351650238037
0,thompson,138,wells,6.507265726725261
0,thompson,138,austen,6.813009977340698
0,thompson,138,fitzgerald,6.351974540286594
0,thompson,138,twain,6.024323463439941
0,thompson,138,non_oz_baum,5.644352674484253
0,thompson,138,non_oz_thompson,5.970988750457764
0,thompson,138,contested,5.049654603004456
0,thompson,139,train,4.7897191643714905
0,thompson,139,baum,5.56895387172699
0,thompson,139,thompson,5.014176368713379
0,thompson,139,dickens,6.35235579808553
0,thompson,139,melville,6.545202434062958
0,thompson,139,wells,6.509651025136312
0,thompson,139,austen,6.807963609695435
0,thompson,139,fitzgerald,6.34604385164049
0,thompson,139,twain,6.021609942118327
0,thompson,139,non_oz_baum,5.639203667640686
0,thompson,139,non_oz_thompson,5.968746662139893
0,thompson,139,contested,5.043979287147522
0,thompson,140,train,4.771191120147705
0,thompson,140,baum,5.568065643310547
0,thompson,140,thompson,5.013069987297058
0,thompson,140,dickens,6.347160975138347
0,thompson,140,melville,6.537830829620361
0,thompson,140,wells,6.5075656572977705
0,thompson,140,austen,6.797649145126343
0,thompson,140,fitzgerald,6.350354512532552
0,thompson,140,twain,6.024093866348267
0,thompson,140,non_oz_baum,5.640264868736267
0,thompson,140,non_oz_thompson,5.968329429626465
0,thompson,140,contested,5.042909026145935
0,thompson,141,train,4.74414986371994
0,thompson,141,baum,5.578242421150208
0,thompson,141,thompson,5.013838529586792
0,thompson,141,dickens,6.357330958048503
0,thompson,141,melville,6.551106154918671
0,thompson,141,wells,6.516460418701172
0,thompson,141,austen,6.807786226272583
0,thompson,141,fitzgerald,6.349167399936253
0,thompson,141,twain,6.024726231892903
0,thompson,141,non_oz_baum,5.639289140701294
0,thompson,141,non_oz_thompson,5.970557689666748
0,thompson,141,contested,5.038792014122009
0,thompson,142,train,4.769197801748912
0,thompson,142,baum,5.566479802131653
0,thompson,142,thompson,4.998879909515381
0,thompson,142,dickens,6.34378715356191
0,thompson,142,melville,6.546198546886444
0,thompson,142,wells,6.5031693776448565
0,thompson,142,austen,6.800523042678833
0,thompson,142,fitzgerald,6.3519044452243385
0,thompson,142,twain,6.0268434683481855
0,thompson,142,non_oz_baum,5.639735579490662
0,thompson,142,non_oz_thompson,5.959543943405151
0,thompson,142,contested,5.034020662307739
0,thompson,143,train,4.765208562215169
0,thompson,143,baum,5.561544299125671
0,thompson,143,thompson,5.004418253898621
0,thompson,143,dickens,6.358779231707255
0,thompson,143,melville,6.540104568004608
0,thompson,143,wells,6.530806064605713
0,thompson,143,austen,6.806803464889526
0,thompson,143,fitzgerald,6.350958135392931
0,thompson,143,twain,6.01683243115743
0,thompson,143,non_oz_baum,5.631263256072998
0,thompson,143,non_oz_thompson,5.966754913330078
0,thompson,143,contested,5.026607513427734
0,thompson,144,train,4.762927273909251
0,thompson,144,baum,5.5578073263168335
0,thompson,144,thompson,4.997730612754822
0,thompson,144,dickens,6.35583492120107
0,thompson,144,melville,6.543483197689056
0,thompson,144,wells,6.521100362141927
0,thompson,144,austen,6.809368848800659
0,thompson,144,fitzgerald,6.346966743469238
0,thompson,144,twain,6.018747329711914
0,thompson,144,non_oz_baum,5.631824970245361
0,thompson,144,non_oz_thompson,5.961045742034912
0,thompson,144,contested,5.028669476509094
0,thompson,145,train,4.750127931435903
0,thompson,145,baum,5.547330260276794
0,thompson,145,thompson,4.990139722824097
0,thompson,145,dickens,6.345513184865316
0,thompson,145,melville,6.537722945213318
0,thompson,145,wells,6.512357711791992
0,thompson,145,austen,6.801060676574707
0,thompson,145,fitzgerald,6.344771862030029
0,thompson,145,twain,6.013678153355916
0,thompson,145,non_oz_baum,5.623981356620789
0,thompson,145,non_oz_thompson,5.960752725601196
0,thompson,145,contested,5.019813060760498
0,thompson,146,train,4.73821347951889
0,thompson,146,baum,5.5483397245407104
0,thompson,146,thompson,4.985198616981506
0,thompson,146,dickens,6.349638303120931
0,thompson,146,melville,6.548003792762756
0,thompson,146,wells,6.511843363444011
0,thompson,146,austen,6.809431314468384
0,thompson,146,fitzgerald,6.346853362189399
0,thompson,146,twain,6.016794602076213
0,thompson,146,non_oz_baum,5.625489711761475
0,thompson,146,non_oz_thompson,5.961811304092407
0,thompson,146,contested,5.015141129493713
0,thompson,147,train,4.749691347281138
0,thompson,147,baum,5.544591188430786
0,thompson,147,thompson,4.980060338973999
0,thompson,147,dickens,6.3420965274175005
0,thompson,147,melville,6.536166906356812
0,thompson,147,wells,6.509791533152263
0,thompson,147,austen,6.795592308044434
0,thompson,147,fitzgerald,6.344023704528809
0,thompson,147,twain,6.005317211151123
0,thompson,147,non_oz_baum,5.621743559837341
0,thompson,147,non_oz_thompson,5.956479787826538
0,thompson,147,contested,5.013518452644348
0,thompson,148,train,4.749139428138733
0,thompson,148,baum,5.550928354263306
0,thompson,148,thompson,4.9725987911224365
0,thompson,148,dickens,6.34529181321462
0,thompson,148,melville,6.539125800132752
0,thompson,148,wells,6.509173552195231
0,thompson,148,austen,6.803820848464966
0,thompson,148,fitzgerald,6.348742961883545
0,thompson,148,twain,6.015540520350139
0,thompson,148,non_oz_baum,5.620250105857849
0,thompson,148,non_oz_thompson,5.955738067626953
0,thompson,148,contested,5.008958220481873
0,thompson,149,train,4.720489501953125
0,thompson,149,baum,5.550066232681274
0,thompson,149,thompson,4.966876149177551
0,thompson,149,dickens,6.3374907573064165
0,thompson,149,melville,6.541500508785248
0,thompson,149,wells,6.5005238850911455
0,thompson,149,austen,6.795671463012695
0,thompson,149,fitzgerald,6.346683767106798
0,thompson,149,twain,6.012446482976277
0,thompson,149,non_oz_baum,5.6180115938186646
0,thompson,149,non_oz_thompson,5.951861619949341
0,thompson,149,contested,5.0130650997161865
0,thompson,150,train,4.720311760902405
0,thompson,150,baum,5.538785338401794
0,thompson,150,thompson,4.963072657585144
0,thompson,150,dickens,6.340742667516072
0,thompson,150,melville,6.535750508308411
0,thompson,150,wells,6.509824117024739
0,thompson,150,austen,6.79680061340332
0,thompson,150,fitzgerald,6.348817083570692
0,thompson,150,twain,6.014384905497233
0,thompson,150,non_oz_baum,5.614993095397949
0,thompson,150,non_oz_thompson,5.952614784240723
0,thompson,150,contested,5.005078434944153
0,thompson,151,train,4.7197970151901245
0,thompson,151,baum,5.544869303703308
0,thompson,151,thompson,4.956667542457581
0,thompson,151,dickens,6.341314077377319
0,thompson,151,melville,6.539668381214142
0,thompson,151,wells,6.508116086324056
0,thompson,151,austen,6.801310300827026
0,thompson,151,fitzgerald,6.341577900780572
0,thompson,151,twain,6.010646979014079
0,thompson,151,non_oz_baum,5.614943146705627
0,thompson,151,non_oz_thompson,5.952766180038452
0,thompson,151,contested,5.001331210136414
0,thompson,152,train,4.729162971178691
0,thompson,152,baum,5.5370848178863525
0,thompson,152,thompson,4.948606967926025
0,thompson,152,dickens,6.341612219810486
0,thompson,152,melville,6.534309267997742
0,thompson,152,wells,6.511685848236084
0,thompson,152,austen,6.80465030670166
0,thompson,152,fitzgerald,6.352106465233697
0,thompson,152,twain,6.0081212520599365
0,thompson,152,non_oz_baum,5.615554332733154
0,thompson,152,non_oz_thompson,5.949519157409668
0,thompson,152,contested,4.9973344802856445
0,thompson,153,train,4.696875969568889
0,thompson,153,baum,5.533237338066101
0,thompson,153,thompson,4.948251962661743
0,thompson,153,dickens,6.343598008155823
0,thompson,153,melville,6.53952819108963
0,thompson,153,wells,6.507786909739177
0,thompson,153,austen,6.80338716506958
0,thompson,153,fitzgerald,6.348250283135308
0,thompson,153,twain,6.006043990453084
0,thompson,153,non_oz_baum,5.613931655883789
0,thompson,153,non_oz_thompson,5.949872970581055
0,thompson,153,contested,4.993971943855286
0,thompson,154,train,4.68972525993983
0,thompson,154,baum,5.530022025108337
0,thompson,154,thompson,4.9474756717681885
0,thompson,154,dickens,6.3529584010442095
0,thompson,154,melville,6.545307278633118
0,thompson,154,wells,6.5179362297058105
0,thompson,154,austen,6.813119411468506
0,thompson,154,fitzgerald,6.356054200066461
0,thompson,154,twain,6.014128843943278
0,thompson,154,non_oz_baum,5.616700291633606
0,thompson,154,non_oz_thompson,5.95104718208313
0,thompson,154,contested,4.992315411567688
0,thompson,155,train,4.703483978907268
0,thompson,155,baum,5.525647163391113
0,thompson,155,thompson,4.943962335586548
0,thompson,155,dickens,6.344164649645488
0,thompson,155,melville,6.538254261016846
0,thompson,155,wells,6.508440017700195
0,thompson,155,austen,6.810287237167358
0,thompson,155,fitzgerald,6.348659939236111
0,thompson,155,twain,6.005882978439331
0,thompson,155,non_oz_baum,5.605186939239502
0,thompson,155,non_oz_thompson,5.948649883270264
0,thompson,155,contested,4.988936185836792
0,thompson,156,train,4.682912667592366
0,thompson,156,baum,5.52721893787384
0,thompson,156,thompson,4.935481429100037
0,thompson,156,dickens,6.337532877922058
0,thompson,156,melville,6.538926839828491
0,thompson,156,wells,6.504836559295654
0,thompson,156,austen,6.811617851257324
0,thompson,156,fitzgerald,6.341779073079427
0,thompson,156,twain,6.002813100814819
0,thompson,156,non_oz_baum,5.601103663444519
0,thompson,156,non_oz_thompson,5.940801620483398
0,thompson,156,contested,4.982463121414185
0,thompson,157,train,4.666888058185577
0,thompson,157,baum,5.523492455482483
0,thompson,157,thompson,4.932990312576294
0,thompson,157,dickens,6.350638707478841
0,thompson,157,melville,6.542797148227692
0,thompson,157,wells,6.508873621622722
0,thompson,157,austen,6.815350532531738
0,thompson,157,fitzgerald,6.344873693254259
0,thompson,157,twain,6.002670367558797
0,thompson,157,non_oz_baum,5.604399085044861
0,thompson,157,non_oz_thompson,5.945635080337524
0,thompson,157,contested,4.983306050300598
0,thompson,158,train,4.687799195448558
0,thompson,158,baum,5.52752161026001
0,thompson,158,thompson,4.932163715362549
0,thompson,158,dickens,6.349026481310527
0,thompson,158,melville,6.543309509754181
0,thompson,158,wells,6.512302080790202
0,thompson,158,austen,6.817465782165527
0,thompson,158,fitzgerald,6.343627399868435
0,thompson,158,twain,6.000638643900554
0,thompson,158,non_oz_baum,5.600529193878174
0,thompson,158,non_oz_thompson,5.943232297897339
0,thompson,158,contested,4.979180574417114
0,thompson,159,train,4.683400770028432
0,thompson,159,baum,5.515939116477966
0,thompson,159,thompson,4.915403604507446
0,thompson,159,dickens,6.342476685841878
0,thompson,159,melville,6.547056138515472
0,thompson,159,wells,6.50653092066447
0,thompson,159,austen,6.810974597930908
0,thompson,159,fitzgerald,6.348884688483344
0,thompson,159,twain,6.010547240575154
0,thompson,159,non_oz_baum,5.601848959922791
0,thompson,159,non_oz_thompson,5.939166069030762
0,thompson,159,contested,4.975264549255371
0,thompson,160,train,4.687083184719086
0,thompson,160,baum,5.517655372619629
0,thompson,160,thompson,4.912755846977234
0,thompson,160,dickens,6.338449239730835
0,thompson,160,melville,6.537715494632721
0,thompson,160,wells,6.496322472890218
0,thompson,160,austen,6.810113430023193
0,thompson,160,fitzgerald,6.340495480431451
0,thompson,160,twain,6.00413711865743
0,thompson,160,non_oz_baum,5.600825905799866
0,thompson,160,non_oz_thompson,5.93667459487915
0,thompson,160,contested,4.972475409507752
0,thompson,161,train,4.664974411328633
0,thompson,161,baum,5.518821120262146
0,thompson,161,thompson,4.901094436645508
0,thompson,161,dickens,6.332020719846089
0,thompson,161,melville,6.539445161819458
0,thompson,161,wells,6.49670426050822
0,thompson,161,austen,6.808276891708374
0,thompson,161,fitzgerald,6.343753973642985
0,thompson,161,twain,6.001651048660278
0,thompson,161,non_oz_baum,5.592839598655701
0,thompson,161,non_oz_thompson,5.933088541030884
0,thompson,161,contested,4.9652708768844604
0,thompson,162,train,4.665041108926137
0,thompson,162,baum,5.51997184753418
0,thompson,162,thompson,4.901350617408752
0,thompson,162,dickens,6.342864076296489
0,thompson,162,melville,6.545785367488861
0,thompson,162,wells,6.512444655100505
0,thompson,162,austen,6.823903799057007
0,thompson,162,fitzgerald,6.342088063557942
0,thompson,162,twain,6.000344276428223
0,thompson,162,non_oz_baum,5.589040756225586
0,thompson,162,non_oz_thompson,5.932409048080444
0,thompson,162,contested,4.962580442428589
0,thompson,163,train,4.634735504786174
0,thompson,163,baum,5.513338327407837
0,thompson,163,thompson,4.893033504486084
0,thompson,163,dickens,6.331270893414815
0,thompson,163,melville,6.53763210773468
0,thompson,163,wells,6.498876412709554
0,thompson,163,austen,6.807398319244385
0,thompson,163,fitzgerald,6.348554717169868
0,thompson,163,twain,6.005866368611653
0,thompson,163,non_oz_baum,5.593705415725708
0,thompson,163,non_oz_thompson,5.927755832672119
0,thompson,163,contested,4.962424278259277
0,thompson,164,train,4.64781912167867
0,thompson,164,baum,5.517127513885498
0,thompson,164,thompson,4.894195318222046
0,thompson,164,dickens,6.344958265622457
0,thompson,164,melville,6.54749596118927
0,thompson,164,wells,6.51138162612915
0,thompson,164,austen,6.816771984100342
0,thompson,164,fitzgerald,6.3524867163764105
0,thompson,164,twain,6.00706148147583
0,thompson,164,non_oz_baum,5.596973896026611
0,thompson,164,non_oz_thompson,5.934381723403931
0,thompson,164,contested,4.961712837219238
0,thompson,165,train,4.656220893065135
0,thompson,165,baum,5.516253590583801
0,thompson,165,thompson,4.8927836418151855
0,thompson,165,dickens,6.353736599286397
0,thompson,165,melville,6.548914790153503
0,thompson,165,wells,6.530595143636067
0,thompson,165,austen,6.825367212295532
0,thompson,165,fitzgerald,6.353385077582465
0,thompson,165,twain,6.001806894938151
0,thompson,165,non_oz_baum,5.588172793388367
0,thompson,165,non_oz_thompson,5.936012506484985
0,thompson,165,contested,4.953311443328857
0,thompson,166,train,4.622758646806081
0,thompson,166,baum,5.517597556114197
0,thompson,166,thompson,4.888621687889099
0,thompson,166,dickens,6.342158993085225
0,thompson,166,melville,6.541167378425598
0,thompson,166,wells,6.507783571879069
0,thompson,166,austen,6.830163955688477
0,thompson,166,fitzgerald,6.351374785105388
0,thompson,166,twain,6.001995166142781
0,thompson,166,non_oz_baum,5.589857459068298
0,thompson,166,non_oz_thompson,5.933871030807495
0,thompson,166,contested,4.95562756061554
0,thompson,167,train,4.625356415907542
0,thompson,167,baum,5.508754134178162
0,thompson,167,thompson,4.877807140350342
0,thompson,167,dickens,6.347402095794678
0,thompson,167,melville,6.546223282814026
0,thompson,167,wells,6.511390050252278
0,thompson,167,austen,6.827356338500977
0,thompson,167,fitzgerald,6.353357103135851
0,thompson,167,twain,6.002018769582112
0,thompson,167,non_oz_baum,5.58767831325531
0,thompson,167,non_oz_thompson,5.932793140411377
0,thompson,167,contested,4.951291799545288
0,thompson,168,train,4.614694317181905
0,thompson,168,baum,5.509907484054565
0,thompson,168,thompson,4.874249219894409
0,thompson,168,dickens,6.338390588760376
0,thompson,168,melville,6.545196354389191
0,thompson,168,wells,6.509014924367269
0,thompson,168,austen,6.8149144649505615
0,thompson,168,fitzgerald,6.344767782423231
0,thompson,168,twain,5.999055862426758
0,thompson,168,non_oz_baum,5.588542938232422
0,thompson,168,non_oz_thompson,5.926390171051025
0,thompson,168,contested,4.948321461677551
0,thompson,169,train,4.617532352606456
0,thompson,169,baum,5.5089170932769775
0,thompson,169,thompson,4.861192941665649
0,thompson,169,dickens,6.3366425434748335
0,thompson,169,melville,6.541061878204346
0,thompson,169,wells,6.497794946034749
0,thompson,169,austen,6.8226072788238525
0,thompson,169,fitzgerald,6.344135178460015
0,thompson,169,twain,5.994169473648071
0,thompson,169,non_oz_baum,5.581112742424011
0,thompson,169,non_oz_thompson,5.924585103988648
0,thompson,169,contested,4.940356373786926
0,thompson,170,train,4.622254133224487
0,thompson,170,baum,5.507452607154846
0,thompson,170,thompson,4.862630009651184
0,thompson,170,dickens,6.339649319648743
0,thompson,170,melville,6.54662036895752
0,thompson,170,wells,6.504978179931641
0,thompson,170,austen,6.817140340805054
0,thompson,170,fitzgerald,6.3483870294359
0,thompson,170,twain,6.0000379880269366
0,thompson,170,non_oz_baum,5.582085490226746
0,thompson,170,non_oz_thompson,5.930901527404785
0,thompson,170,contested,4.94097638130188
0,thompson,171,train,4.603918751080831
0,thompson,171,baum,5.4968589544296265
0,thompson,171,thompson,4.852373719215393
0,thompson,171,dickens,6.32918381690979
0,thompson,171,melville,6.540991246700287
0,thompson,171,wells,6.495470841725667
0,thompson,171,austen,6.812165021896362
0,thompson,171,fitzgerald,6.342820697360569
0,thompson,171,twain,5.994828383127849
0,thompson,171,non_oz_baum,5.574497580528259
0,thompson,171,non_oz_thompson,5.922200202941895
0,thompson,171,contested,4.93748664855957
0,thompson,172,train,4.588957905769348
0,thompson,172,baum,5.495410680770874
0,thompson,172,thompson,4.853955984115601
0,thompson,172,dickens,6.341380635897319
0,thompson,172,melville,6.551199734210968
0,thompson,172,wells,6.511064370473226
0,thompson,172,austen,6.819416046142578
0,thompson,172,fitzgerald,6.358784728580051
0,thompson,172,twain,6.004978895187378
0,thompson,172,non_oz_baum,5.576017498970032
0,thompson,172,non_oz_thompson,5.926750183105469
0,thompson,172,contested,4.935977578163147
0,thompson,173,train,4.599459449450175
0,thompson,173,baum,5.492742896080017
0,thompson,173,thompson,4.844802021980286
0,thompson,173,dickens,6.329005678494771
0,thompson,173,melville,6.540683805942535
0,thompson,173,wells,6.496224562327067
0,thompson,173,austen,6.815447092056274
0,thompson,173,fitzgerald,6.3439220322502985
0,thompson,173,twain,5.993420044581096
0,thompson,173,non_oz_baum,5.574229955673218
0,thompson,173,non_oz_thompson,5.920315742492676
0,thompson,173,contested,4.932460427284241
0,thompson,174,train,4.597327530384064
0,thompson,174,baum,5.49633252620697
0,thompson,174,thompson,4.840796232223511
0,thompson,174,dickens,6.33694314956665
0,thompson,174,melville,6.546966791152954
0,thompson,174,wells,6.4971113204956055
0,thompson,174,austen,6.814074277877808
0,thompson,174,fitzgerald,6.352231502532959
0,thompson,174,twain,6.00156307220459
0,thompson,174,non_oz_baum,5.574336767196655
0,thompson,174,non_oz_thompson,5.922884702682495
0,thompson,174,contested,4.927942395210266
0,thompson,175,train,4.580053011576335
0,thompson,175,baum,5.504682421684265
0,thompson,175,thompson,4.840718626976013
0,thompson,175,dickens,6.341292023658752
0,thompson,175,melville,6.559477031230927
0,thompson,175,wells,6.502660274505615
0,thompson,175,austen,6.827775001525879
0,thompson,175,fitzgerald,6.356788211398655
0,thompson,175,twain,6.000659147898356
0,thompson,175,non_oz_baum,5.577883958816528
0,thompson,175,non_oz_thompson,5.929375648498535
0,thompson,175,contested,4.929473638534546
0,thompson,176,train,4.591633637746175
0,thompson,176,baum,5.497002005577087
0,thompson,176,thompson,4.832706093788147
0,thompson,176,dickens,6.337281743685405
0,thompson,176,melville,6.545176148414612
0,thompson,176,wells,6.504656791687012
0,thompson,176,austen,6.823613882064819
0,thompson,176,fitzgerald,6.350128809611003
0,thompson,176,twain,5.993210236231486
0,thompson,176,non_oz_baum,5.571910977363586
0,thompson,176,non_oz_thompson,5.92187237739563
0,thompson,176,contested,4.924394845962524
0,thompson,177,train,4.596801082293193
0,thompson,177,baum,5.494344115257263
0,thompson,177,thompson,4.824536681175232
0,thompson,177,dickens,6.336810231208801
0,thompson,177,melville,6.554631292819977
0,thompson,177,wells,6.501932938893636
0,thompson,177,austen,6.8201751708984375
0,thompson,177,fitzgerald,6.359448538886176
0,thompson,177,twain,5.999516010284424
0,thompson,177,non_oz_baum,5.575494766235352
0,thompson,177,non_oz_thompson,5.917678356170654
0,thompson,177,contested,4.926576137542725
0,thompson,178,train,4.570325752099355
0,thompson,178,baum,5.493832230567932
0,thompson,178,thompson,4.835536599159241
0,thompson,178,dickens,6.34701406955719
0,thompson,178,melville,6.556711316108704
0,thompson,178,wells,6.512442747751872
0,thompson,178,austen,6.8402910232543945
0,thompson,178,fitzgerald,6.349886152479384
0,thompson,178,twain,5.9944554169972735
0,thompson,178,non_oz_baum,5.567334175109863
0,thompson,178,non_oz_thompson,5.923787593841553
0,thompson,178,contested,4.922768592834473
0,thompson,179,train,4.567560076713562
0,thompson,179,baum,5.496745347976685
0,thompson,179,thompson,4.825307250022888
0,thompson,179,dickens,6.335622111956279
0,thompson,179,melville,6.557506263256073
0,thompson,179,wells,6.509012540181478
0,thompson,179,austen,6.8244500160217285
0,thompson,179,fitzgerald,6.355338467491998
0,thompson,179,twain,5.996619860331218
0,thompson,179,non_oz_baum,5.567922115325928
0,thompson,179,non_oz_thompson,5.91559910774231
0,thompson,179,contested,4.91879403591156
0,thompson,180,train,4.569733003775279
0,thompson,180,baum,5.494023680686951
0,thompson,180,thompson,4.819671034812927
0,thompson,180,dickens,6.334452112515767
0,thompson,180,melville,6.54499489068985
0,thompson,180,wells,6.5082550048828125
0,thompson,180,austen,6.819025039672852
0,thompson,180,fitzgerald,6.351308769649929
0,thompson,180,twain,5.991135994593303
0,thompson,180,non_oz_baum,5.564127326011658
0,thompson,180,non_oz_thompson,5.912739276885986
0,thompson,180,contested,4.911361217498779
0,thompson,181,train,4.554459412892659
0,thompson,181,baum,5.493236064910889
0,thompson,181,thompson,4.819908380508423
0,thompson,181,dickens,6.336005886395772
0,thompson,181,melville,6.548680424690247
0,thompson,181,wells,6.504222551981608
0,thompson,181,austen,6.816789150238037
0,thompson,181,fitzgerald,6.353455172644721
0,thompson,181,twain,5.9908656279246015
0,thompson,181,non_oz_baum,5.565896511077881
0,thompson,181,non_oz_thompson,5.914453506469727
0,thompson,181,contested,4.910609245300293
0,thompson,182,train,4.5499864021937055
0,thompson,182,baum,5.481715798377991
0,thompson,182,thompson,4.817160844802856
0,thompson,182,dickens,6.33923876285553
0,thompson,182,melville,6.551055133342743
0,thompson,182,wells,6.508893648783366
0,thompson,182,austen,6.826298713684082
0,thompson,182,fitzgerald,6.3569691975911455
0,thompson,182,twain,5.995390017827352
0,thompson,182,non_oz_baum,5.56368362903595
0,thompson,182,non_oz_thompson,5.910144567489624
0,thompson,182,contested,4.909498333930969
0,thompson,183,train,4.542980988820394
0,thompson,183,baum,5.482426166534424
0,thompson,183,thompson,4.820159554481506
0,thompson,183,dickens,6.342367768287659
0,thompson,183,melville,6.553126931190491
0,thompson,183,wells,6.510712782541911
0,thompson,183,austen,6.831486225128174
0,thompson,183,fitzgerald,6.35697799258762
0,thompson,183,twain,5.994055827458699
0,thompson,183,non_oz_baum,5.561153531074524
0,thompson,183,non_oz_thompson,5.917394876480103
0,thompson,183,contested,4.906402349472046
0,thompson,184,train,4.543764849503835
0,thompson,184,baum,5.48074734210968
0,thompson,184,thompson,4.814030051231384
0,thompson,184,dickens,6.335624853769938
0,thompson,184,melville,6.552970290184021
0,thompson,184,wells,6.506583690643311
0,thompson,184,austen,6.831639766693115
0,thompson,184,fitzgerald,6.35377820332845
0,thompson,184,twain,5.991141319274902
0,thompson,184,non_oz_baum,5.553327798843384
0,thompson,184,non_oz_thompson,5.914011716842651
0,thompson,184,contested,4.903131484985352
0,thompson,185,train,4.547959824403127
0,thompson,185,baum,5.483247876167297
0,thompson,185,thompson,4.808902382850647
0,thompson,185,dickens,6.351274728775024
0,thompson,185,melville,6.552532732486725
0,thompson,185,wells,6.513580640157064
0,thompson,185,austen,6.844469785690308
0,thompson,185,fitzgerald,6.346429824829102
0,thompson,185,twain,5.987740119298299
0,thompson,185,non_oz_baum,5.552617192268372
0,thompson,185,non_oz_thompson,5.91213059425354
0,thompson,185,contested,4.894893050193787
0,thompson,186,train,4.520905315876007
0,thompson,186,baum,5.47590970993042
0,thompson,186,thompson,4.803300738334656
0,thompson,186,dickens,6.342825849850972
0,thompson,186,melville,6.554342091083527
0,thompson,186,wells,6.518284956614177
0,thompson,186,austen,6.83601713180542
0,thompson,186,fitzgerald,6.351631588406033
0,thompson,186,twain,5.98908805847168
0,thompson,186,non_oz_baum,5.552016615867615
0,thompson,186,non_oz_thompson,5.916302680969238
0,thompson,186,contested,4.898900270462036
0,thompson,187,train,4.559620161851247
0,thompson,187,baum,5.470350980758667
0,thompson,187,thompson,4.792027473449707
0,thompson,187,dickens,6.3386590878168745
0,thompson,187,melville,6.555826961994171
0,thompson,187,wells,6.508742968241374
0,thompson,187,austen,6.824064493179321
0,thompson,187,fitzgerald,6.357851505279541
0,thompson,187,twain,5.995197534561157
0,thompson,187,non_oz_baum,5.555277824401856
0,thompson,187,non_oz_thompson,5.910479307174683
0,thompson,187,contested,4.899092316627502
0,thompson,188,train,4.503476361433665
0,thompson,188,baum,5.479079604148865
0,thompson,188,thompson,4.787590026855469
0,thompson,188,dickens,6.33159081141154
0,thompson,188,melville,6.547589898109436
0,thompson,188,wells,6.502992153167725
0,thompson,188,austen,6.816094875335693
0,thompson,188,fitzgerald,6.354316393534343
0,thompson,188,twain,5.989939292271932
0,thompson,188,non_oz_baum,5.554750084877014
0,thompson,188,non_oz_thompson,5.901179075241089
0,thompson,188,contested,4.894126296043396
0,thompson,189,train,4.533708969751994
0,thompson,189,baum,5.471128463745117
0,thompson,189,thompson,4.785821199417114
0,thompson,189,dickens,6.334799329439799
0,thompson,189,melville,6.551689267158508
0,thompson,189,wells,6.505268255869548
0,thompson,189,austen,6.818107128143311
0,thompson,189,fitzgerald,6.35726425382826
0,thompson,189,twain,5.990277290344238
0,thompson,189,non_oz_baum,5.550167441368103
0,thompson,189,non_oz_thompson,5.902771711349487
0,thompson,189,contested,4.891543865203857
0,thompson,190,train,4.513886511325836
0,thompson,190,baum,5.47835111618042
0,thompson,190,thompson,4.784098148345947
0,thompson,190,dickens,6.3397895495096845
0,thompson,190,melville,6.55244380235672
0,thompson,190,wells,6.5089670817057295
0,thompson,190,austen,6.816847801208496
0,thompson,190,fitzgerald,6.354628668891059
0,thompson,190,twain,5.987843831380208
0,thompson,190,non_oz_baum,5.546888113021851
0,thompson,190,non_oz_thompson,5.902371883392334
0,thompson,190,contested,4.886938691139221
0,thompson,191,train,4.5104206800460815
0,thompson,191,baum,5.471484065055847
0,thompson,191,thompson,4.779604434967041
0,thompson,191,dickens,6.339204788208008
0,thompson,191,melville,6.554605662822723
0,thompson,191,wells,6.511259237925212
0,thompson,191,austen,6.819753885269165
0,thompson,191,fitzgerald,6.358735879262288
0,thompson,191,twain,5.988194306691487
0,thompson,191,non_oz_baum,5.54655921459198
0,thompson,191,non_oz_thompson,5.907467842102051
0,thompson,191,contested,4.885241627693176
0,thompson,192,train,4.513275742530823
0,thompson,192,baum,5.46913754940033
0,thompson,192,thompson,4.783323407173157
0,thompson,192,dickens,6.349749724070231
0,thompson,192,melville,6.556460857391357
0,thompson,192,wells,6.528226534525554
0,thompson,192,austen,6.840174436569214
0,thompson,192,fitzgerald,6.35887877146403
0,thompson,192,twain,5.986380577087402
0,thompson,192,non_oz_baum,5.542948722839356
0,thompson,192,non_oz_thompson,5.907674074172974
0,thompson,192,contested,4.878898978233337
0,thompson,193,train,4.506255249182384
0,thompson,193,baum,5.463743567466736
0,thompson,193,thompson,4.769408941268921
0,thompson,193,dickens,6.344940662384033
0,thompson,193,melville,6.561880052089691
0,thompson,193,wells,6.513836701711019
0,thompson,193,austen,6.825377464294434
0,thompson,193,fitzgerald,6.361573484208849
0,thompson,193,twain,5.993954340616862
0,thompson,193,non_oz_baum,5.547014355659485
0,thompson,193,non_oz_thompson,5.904122114181519
0,thompson,193,contested,4.877381801605225
0,thompson,194,train,4.498533050219218
0,thompson,194,baum,5.474837899208069
0,thompson,194,thompson,4.7750324010849
0,thompson,194,dickens,6.337983012199402
0,thompson,194,melville,6.555251717567444
0,thompson,194,wells,6.5168563524882
0,thompson,194,austen,6.835025310516357
0,thompson,194,fitzgerald,6.3531270027160645
0,thompson,194,twain,5.982332309087117
0,thompson,194,non_oz_baum,5.543024778366089
0,thompson,194,non_oz_thompson,5.898360729217529
0,thompson,194,contested,4.874215602874756
0,thompson,195,train,4.515425781408946
0,thompson,195,baum,5.467093586921692
0,thompson,195,thompson,4.760848760604858
0,thompson,195,dickens,6.3410279750823975
0,thompson,195,melville,6.563057065010071
0,thompson,195,wells,6.5108896891276045
0,thompson,195,austen,6.834782838821411
0,thompson,195,fitzgerald,6.362684461805555
0,thompson,195,twain,5.992104768753052
0,thompson,195,non_oz_baum,5.541467905044556
0,thompson,195,non_oz_thompson,5.901633024215698
0,thompson,195,contested,4.875802159309387
0,thompson,196,train,4.511041720708211
0,thompson,196,baum,5.460945725440979
0,thompson,196,thompson,4.751902222633362
0,thompson,196,dickens,6.333865563074748
0,thompson,196,melville,6.560914099216461
0,thompson,196,wells,6.495975335439046
0,thompson,196,austen,6.826416254043579
0,thompson,196,fitzgerald,6.358601464165582
0,thompson,196,twain,5.989010572433472
0,thompson,196,non_oz_baum,5.536967992782593
0,thompson,196,non_oz_thompson,5.89942741394043
0,thompson,196,contested,4.874029278755188
0,thompson,197,train,4.483569880326589
0,thompson,197,baum,5.463540315628052
0,thompson,197,thompson,4.7525506019592285
0,thompson,197,dickens,6.337356845537822
0,thompson,197,melville,6.558381974697113
0,thompson,197,wells,6.507498741149902
0,thompson,197,austen,6.833734750747681
0,thompson,197,fitzgerald,6.362104733784993
0,thompson,197,twain,5.996517737706502
0,thompson,197,non_oz_baum,5.544232726097107
0,thompson,197,non_oz_thompson,5.895225763320923
0,thompson,197,contested,4.871073842048645
0,thompson,198,train,4.479536434014638
0,thompson,198,baum,5.467238903045654
0,thompson,198,thompson,4.754480004310608
0,thompson,198,dickens,6.34177033106486
0,thompson,198,melville,6.55224084854126
0,thompson,198,wells,6.51328182220459
0,thompson,198,austen,6.834309339523315
0,thompson,198,fitzgerald,6.361362457275391
0,thompson,198,twain,5.987533410390218
0,thompson,198,non_oz_baum,5.536830425262451
0,thompson,198,non_oz_thompson,5.900797605514526
0,thompson,198,contested,4.868331551551819
0,thompson,199,train,4.4648914734522505
0,thompson,199,baum,5.464477300643921
0,thompson,199,thompson,4.746040225028992
0,thompson,199,dickens,6.347399473190308
0,thompson,199,melville,6.552952229976654
0,thompson,199,wells,6.514712810516357
0,thompson,199,austen,6.827795267105103
0,thompson,199,fitzgerald,6.361849413977729
0,thompson,199,twain,5.98909854888916
0,thompson,199,non_oz_baum,5.5333428382873535
0,thompson,199,non_oz_thompson,5.901041269302368
0,thompson,199,contested,4.865867733955383
0,thompson,200,train,4.466537137826284
0,thompson,200,baum,5.466311573982239
0,thompson,200,thompson,4.743189811706543
0,thompson,200,dickens,6.341968139012654
0,thompson,200,melville,6.553972959518433
0,thompson,200,wells,6.514357248942058
0,thompson,200,austen,6.8426594734191895
0,thompson,200,fitzgerald,6.355219735039605
0,thompson,200,twain,5.9856313069661455
0,thompson,200,non_oz_baum,5.530880093574524
0,thompson,200,non_oz_thompson,5.900650978088379
0,thompson,200,contested,4.860253214836121
0,thompson,201,train,4.4690384070078535
0,thompson,201,baum,5.459699034690857
0,thompson,201,thompson,4.741724014282227
0,thompson,201,dickens,6.35394553343455
0,thompson,201,melville,6.564915418624878
0,thompson,201,wells,6.520833333333333
0,thompson,201,austen,6.833579063415527
0,thompson,201,fitzgerald,6.359853744506836
0,thompson,201,twain,5.986758867899577
0,thompson,201,non_oz_baum,5.531582474708557
0,thompson,201,non_oz_thompson,5.906055688858032
0,thompson,201,contested,4.861016631126404
0,thompson,202,train,4.486157615979512
0,thompson,202,baum,5.461000561714172
0,thompson,202,thompson,4.740819215774536
0,thompson,202,dickens,6.358619848887126
0,thompson,202,melville,6.566798150539398
0,thompson,202,wells,6.522093137105306
0,thompson,202,austen,6.848344802856445
0,thompson,202,fitzgerald,6.358346568213569
0,thompson,202,twain,5.9939680099487305
0,thompson,202,non_oz_baum,5.541080951690674
0,thompson,202,non_oz_thompson,5.902095079421997
0,thompson,202,contested,4.860579133033752
0,thompson,203,train,4.477877755959828
0,thompson,203,baum,5.453266382217407
0,thompson,203,thompson,4.731977581977844
0,thompson,203,dickens,6.346897840499878
0,thompson,203,melville,6.559690177440643
0,thompson,203,wells,6.511029561360677
0,thompson,203,austen,6.823978185653687
0,thompson,203,fitzgerald,6.359367847442627
0,thompson,203,twain,5.9859098593393965
0,thompson,203,non_oz_baum,5.533397793769836
0,thompson,203,non_oz_thompson,5.899986982345581
0,thompson,203,contested,4.858829379081726
0,thompson,204,train,4.443565368652344
0,thompson,204,baum,5.461869597434998
0,thompson,204,thompson,4.735188961029053
0,thompson,204,dickens,6.345982829729716
0,thompson,204,melville,6.564075767993927
0,thompson,204,wells,6.511210282643636
0,thompson,204,austen,6.832016706466675
0,thompson,204,fitzgerald,6.358809577094184
0,thompson,204,twain,5.990496555964152
0,thompson,204,non_oz_baum,5.532838463783264
0,thompson,204,non_oz_thompson,5.901560544967651
0,thompson,204,contested,4.859090209007263
0,thompson,205,train,4.440111358960469
0,thompson,205,baum,5.4470813274383545
0,thompson,205,thompson,4.72196364402771
0,thompson,205,dickens,6.341233015060425
0,thompson,205,melville,6.568003833293915
0,thompson,205,wells,6.50089963277181
0,thompson,205,austen,6.831283092498779
0,thompson,205,fitzgerald,6.3632025718688965
0,thompson,205,twain,5.990905284881592
0,thompson,205,non_oz_baum,5.534264326095581
0,thompson,205,non_oz_thompson,5.89614200592041
0,thompson,205,contested,4.854370355606079
0,thompson,206,train,4.451473156611125
0,thompson,206,baum,5.454521179199219
0,thompson,206,thompson,4.729305863380432
0,thompson,206,dickens,6.350557128588359
0,thompson,206,melville,6.56351900100708
0,thompson,206,wells,6.512517929077148
0,thompson,206,austen,6.8315346240997314
0,thompson,206,fitzgerald,6.35595014360216
0,thompson,206,twain,5.985547383626302
0,thompson,206,non_oz_baum,5.5316609144210815
0,thompson,206,non_oz_thompson,5.890360593795776
0,thompson,206,contested,4.8485671281814575
0,thompson,207,train,4.443850258986156
0,thompson,207,baum,5.456215262413025
0,thompson,207,thompson,4.724626541137695
0,thompson,207,dickens,6.345231453577678
0,thompson,207,melville,6.564812779426575
0,thompson,207,wells,6.528731187184651
0,thompson,207,austen,6.830748796463013
0,thompson,207,fitzgerald,6.363116953108046
0,thompson,207,twain,5.986679553985596
0,thompson,207,non_oz_baum,5.529099345207214
0,thompson,207,non_oz_thompson,5.896763563156128
0,thompson,207,contested,4.850683093070984
0,thompson,208,train,4.42035311460495
0,thompson,208,baum,5.461554288864136
0,thompson,208,thompson,4.727664351463318
0,thompson,208,dickens,6.35742171605428
0,thompson,208,melville,6.572508871555328
0,thompson,208,wells,6.537435213724772
0,thompson,208,austen,6.843514680862427
0,thompson,208,fitzgerald,6.366900708940294
0,thompson,208,twain,5.992990016937256
0,thompson,208,non_oz_baum,5.527115821838379
0,thompson,208,non_oz_thompson,5.899693727493286
0,thompson,208,contested,4.846134781837463
0,thompson,209,train,4.451367934544881
0,thompson,209,baum,5.4420859813690186
0,thompson,209,thompson,4.698529362678528
0,thompson,209,dickens,6.332858641942342
0,thompson,209,melville,6.561880528926849
0,thompson,209,wells,6.496359189351399
0,thompson,209,austen,6.815978288650513
0,thompson,209,fitzgerald,6.36514769660102
0,thompson,209,twain,5.991660912831624
0,thompson,209,non_oz_baum,5.525790214538574
0,thompson,209,non_oz_thompson,5.880572080612183
0,thompson,209,contested,4.846311450004578
0,thompson,210,train,4.412866373856862
0,thompson,210,baum,5.454725742340088
0,thompson,210,thompson,4.715033531188965
0,thompson,210,dickens,6.347430268923442
0,thompson,210,melville,6.56609433889389
0,thompson,210,wells,6.511659940083821
0,thompson,210,austen,6.844035863876343
0,thompson,210,fitzgerald,6.367172029283312
0,thompson,210,twain,5.988399982452393
0,thompson,210,non_oz_baum,5.522103309631348
0,thompson,210,non_oz_thompson,5.892963171005249
0,thompson,210,contested,4.839813470840454
0,thompson,211,train,4.434524277846019
0,thompson,211,baum,5.440718173980713
0,thompson,211,thompson,4.7075018882751465
0,thompson,211,dickens,6.340736548105876
0,thompson,211,melville,6.559335887432098
0,thompson,211,wells,6.510372797648112
0,thompson,211,austen,6.829538822174072
0,thompson,211,fitzgerald,6.361216386159261
0,thompson,211,twain,5.982583840688069
0,thompson,211,non_oz_baum,5.522156357765198
0,thompson,211,non_oz_thompson,5.887776374816895
0,thompson,211,contested,4.839060187339783
0,thompson,212,train,4.415372212727864
0,thompson,212,baum,5.442910194396973
0,thompson,212,thompson,4.700241327285767
0,thompson,212,dickens,6.3455175558726
0,thompson,212,melville,6.574439465999603
0,thompson,212,wells,6.513091087341309
0,thompson,212,austen,6.839851379394531
0,thompson,212,fitzgerald,6.368334611256917
0,thompson,212,twain,5.993219534556071
0,thompson,212,non_oz_baum,5.526862502098084
0,thompson,212,non_oz_thompson,5.891735076904297
0,thompson,212,contested,4.843534469604492
0,thompson,213,train,4.43516618013382
0,thompson,213,baum,5.438521146774292
0,thompson,213,thompson,4.694184064865112
0,thompson,213,dickens,6.340099294980367
0,thompson,213,melville,6.5669044852256775
0,thompson,213,wells,6.504674434661865
0,thompson,213,austen,6.834201097488403
0,thompson,213,fitzgerald,6.361961576673719
0,thompson,213,twain,5.9892494678497314
0,thompson,213,non_oz_baum,5.518480777740479
0,thompson,213,non_oz_thompson,5.88800835609436
0,thompson,213,contested,4.837478756904602
0,thompson,214,train,4.447081983089447
0,thompson,214,baum,5.44914448261261
0,thompson,214,thompson,4.70115327835083
0,thompson,214,dickens,6.361585021018982
0,thompson,214,melville,6.573925077915192
0,thompson,214,wells,6.535060564676921
0,thompson,214,austen,6.864561080932617
0,thompson,214,fitzgerald,6.371697743733724
0,thompson,214,twain,5.986985047658284
0,thompson,214,non_oz_baum,5.529642462730408
0,thompson,214,non_oz_thompson,5.893679618835449
0,thompson,214,contested,4.840134620666504
0,thompson,215,train,4.434055050214131
0,thompson,215,baum,5.441793560981751
0,thompson,215,thompson,4.686713695526123
0,thompson,215,dickens,6.34149980545044
0,thompson,215,melville,6.575553059577942
0,thompson,215,wells,6.507101694742839
0,thompson,215,austen,6.837650060653687
0,thompson,215,fitzgerald,6.372981919182672
0,thompson,215,twain,5.996830781300862
0,thompson,215,non_oz_baum,5.524510860443115
0,thompson,215,non_oz_thompson,5.881892204284668
0,thompson,215,contested,4.834933519363403
0,thompson,216,train,4.41724677880605
0,thompson,216,baum,5.443013310432434
0,thompson,216,thompson,4.704534530639648
0,thompson,216,dickens,6.359302997589111
0,thompson,216,melville,6.570457100868225
0,thompson,216,wells,6.534400780995687
0,thompson,216,austen,6.848227500915527
0,thompson,216,fitzgerald,6.360650168524848
0,thompson,216,twain,5.976871967315674
0,thompson,216,non_oz_baum,5.516003370285034
0,thompson,216,non_oz_thompson,5.895780086517334
0,thompson,216,contested,4.831640124320984
0,thompson,217,train,4.426347076892853
0,thompson,217,baum,5.437248229980469
0,thompson,217,thompson,4.6923508644104
0,thompson,217,dickens,6.350105007489522
0,thompson,217,melville,6.568786442279816
0,thompson,217,wells,6.516688346862793
0,thompson,217,austen,6.850810527801514
0,thompson,217,fitzgerald,6.368743684556749
0,thompson,217,twain,5.987094402313232
0,thompson,217,non_oz_baum,5.520146131515503
0,thompson,217,non_oz_thompson,5.888760566711426
0,thompson,217,contested,4.826622366905212
0,thompson,218,train,4.405571103096008
0,thompson,218,baum,5.431319236755371
0,thompson,218,thompson,4.677305817604065
0,thompson,218,dickens,6.348181207974752
0,thompson,218,melville,6.584019660949707
0,thompson,218,wells,6.514289855957031
0,thompson,218,austen,6.843816757202148
0,thompson,218,fitzgerald,6.379289786020915
0,thompson,218,twain,5.99540376663208
0,thompson,218,non_oz_baum,5.522538542747498
0,thompson,218,non_oz_thompson,5.885710954666138
0,thompson,218,contested,4.829234480857849
0,thompson,219,train,4.400494813919067
0,thompson,219,baum,5.434154987335205
0,thompson,219,thompson,4.681136250495911
0,thompson,219,dickens,6.352001786231995
0,thompson,219,melville,6.581040859222412
0,thompson,219,wells,6.522499243418376
0,thompson,219,austen,6.852797746658325
0,thompson,219,fitzgerald,6.371461232503255
0,thompson,219,twain,5.987825870513916
0,thompson,219,non_oz_baum,5.517916560173035
0,thompson,219,non_oz_thompson,5.892612934112549
0,thompson,219,contested,4.826093077659607
0,thompson,220,train,4.377025564511617
0,thompson,220,baum,5.443283081054688
0,thompson,220,thompson,4.680758595466614
0,thompson,220,dickens,6.35698942343394
0,thompson,220,melville,6.574512302875519
0,thompson,220,wells,6.521161079406738
0,thompson,220,austen,6.858537197113037
0,thompson,220,fitzgerald,6.37018018298679
0,thompson,220,twain,5.984946568806966
0,thompson,220,non_oz_baum,5.518657922744751
0,thompson,220,non_oz_thompson,5.889863967895508
0,thompson,220,contested,4.824391841888428
0,thompson,221,train,4.390542407830556
0,thompson,221,baum,5.436951756477356
0,thompson,221,thompson,4.671754002571106
0,thompson,221,dickens,6.35390575726827
0,thompson,221,melville,6.577178955078125
0,thompson,221,wells,6.516672134399414
0,thompson,221,austen,6.851918697357178
0,thompson,221,fitzgerald,6.373747560713026
0,thompson,221,twain,5.990844488143921
0,thompson,221,non_oz_baum,5.521680235862732
0,thompson,221,non_oz_thompson,5.8797760009765625
0,thompson,221,contested,4.822133183479309
0,thompson,222,train,4.390105942885081
0,thompson,222,baum,5.434539437294006
0,thompson,222,thompson,4.667193651199341
0,thompson,222,dickens,6.355834762255351
0,thompson,222,melville,6.578636944293976
0,thompson,222,wells,6.516684373219808
0,thompson,222,austen,6.850800275802612
0,thompson,222,fitzgerald,6.373504744635688
0,thompson,222,twain,5.99021577835083
0,thompson,222,non_oz_baum,5.519458532333374
0,thompson,222,non_oz_thompson,5.885508060455322
0,thompson,222,contested,4.822780728340149
0,thompson,223,train,4.376599510510762
0,thompson,223,baum,5.433046698570252
0,thompson,223,thompson,4.662588715553284
0,thompson,223,dickens,6.349392414093018
0,thompson,223,melville,6.575105607509613
0,thompson,223,wells,6.508079051971436
0,thompson,223,austen,6.834998607635498
0,thompson,223,fitzgerald,6.369786739349365
0,thompson,223,twain,5.984813292821248
0,thompson,223,non_oz_baum,5.514216303825378
0,thompson,223,non_oz_thompson,5.87719464302063
0,thompson,223,contested,4.815558671951294
0,thompson,224,train,4.3754852414131165
0,thompson,224,baum,5.430737853050232
0,thompson,224,thompson,4.662650465965271
0,thompson,224,dickens,6.344147682189941
0,thompson,224,melville,6.578926503658295
0,thompson,224,wells,6.518500169118245
0,thompson,224,austen,6.8429176807403564
0,thompson,224,fitzgerald,6.381515449947781
0,thompson,224,twain,5.991864442825317
0,thompson,224,non_oz_baum,5.515864491462708
0,thompson,224,non_oz_thompson,5.881728887557983
0,thompson,224,contested,4.814683079719544
0,thompson,225,train,4.362961669762929
0,thompson,225,baum,5.428900480270386
0,thompson,225,thompson,4.64927351474762
0,thompson,225,dickens,6.347582459449768
0,thompson,225,melville,6.589355647563934
0,thompson,225,wells,6.503522713979085
0,thompson,225,austen,6.85073709487915
0,thompson,225,fitzgerald,6.379868454403347
0,thompson,225,twain,6.00063141187032
0,thompson,225,non_oz_baum,5.516209125518799
0,thompson,225,non_oz_thompson,5.876835823059082
0,thompson,225,contested,4.813938856124878
0,thompson,226,train,4.381695588429769
0,thompson,226,baum,5.443238615989685
0,thompson,226,thompson,4.661337852478027
0,thompson,226,dickens,6.36077360312144
0,thompson,226,melville,6.583121836185455
0,thompson,226,wells,6.529536883036296
0,thompson,226,austen,6.867051124572754
0,thompson,226,fitzgerald,6.375562985738118
0,thompson,226,twain,5.987607558568318
0,thompson,226,non_oz_baum,5.516911268234253
0,thompson,226,non_oz_thompson,5.884869337081909
0,thompson,226,contested,4.813037037849426
0,thompson,227,train,4.363974928855896
0,thompson,227,baum,5.4307861328125
0,thompson,227,thompson,4.652119755744934
0,thompson,227,dickens,6.3576719760894775
0,thompson,227,melville,6.586260080337524
0,thompson,227,wells,6.520365079243978
0,thompson,227,austen,6.846534013748169
0,thompson,227,fitzgerald,6.386254151662191
0,thompson,227,twain,5.99762495358785
0,thompson,227,non_oz_baum,5.514568567276001
0,thompson,227,non_oz_thompson,5.885425567626953
0,thompson,227,contested,4.81318724155426
0,thompson,228,train,4.376106242338817
0,thompson,228,baum,5.4341654777526855
0,thompson,228,thompson,4.647043347358704
0,thompson,228,dickens,6.345179518063863
0,thompson,228,melville,6.58743953704834
0,thompson,228,wells,6.509986559549968
0,thompson,228,austen,6.845596075057983
0,thompson,228,fitzgerald,6.383902867635091
0,thompson,228,twain,5.990417003631592
0,thompson,228,non_oz_baum,5.512168765068054
0,thompson,228,non_oz_thompson,5.878753185272217
0,thompson,228,contested,4.811594605445862
0,thompson,229,train,4.369266947110494
0,thompson,229,baum,5.433192849159241
0,thompson,229,thompson,4.651597499847412
0,thompson,229,dickens,6.352348367373149
0,thompson,229,melville,6.579005002975464
0,thompson,229,wells,6.5306715965271
0,thompson,229,austen,6.857008695602417
0,thompson,229,fitzgerald,6.3761006991068525
0,thompson,229,twain,5.987677017847697
0,thompson,229,non_oz_baum,5.51394784450531
0,thompson,229,non_oz_thompson,5.888656139373779
0,thompson,229,contested,4.808961868286133
0,thompson,230,train,4.359047770500183
0,thompson,230,baum,5.429684281349182
0,thompson,230,thompson,4.640563488006592
0,thompson,230,dickens,6.343083620071411
0,thompson,230,melville,6.579966604709625
0,thompson,230,wells,6.51062552134196
0,thompson,230,austen,6.8516480922698975
0,thompson,230,fitzgerald,6.382155365414089
0,thompson,230,twain,5.988182306289673
0,thompson,230,non_oz_baum,5.509337067604065
0,thompson,230,non_oz_thompson,5.875366926193237
0,thompson,230,contested,4.810566186904907
0,thompson,231,train,4.3587349851926165
0,thompson,231,baum,5.424750804901123
0,thompson,231,thompson,4.6386425495147705
0,thompson,231,dickens,6.355367501576741
0,thompson,231,melville,6.586659610271454
0,thompson,231,wells,6.51644229888916
0,thompson,231,austen,6.857132434844971
0,thompson,231,fitzgerald,6.385810481177436
0,thompson,231,twain,6.00140651067098
0,thompson,231,non_oz_baum,5.516061782836914
0,thompson,231,non_oz_thompson,5.879168748855591
0,thompson,231,contested,4.810826539993286
0,thompson,232,train,4.345437626043956
0,thompson,232,baum,5.4345574378967285
0,thompson,232,thompson,4.642190933227539
0,thompson,232,dickens,6.365498622258504
0,thompson,232,melville,6.600425064563751
0,thompson,232,wells,6.531334241231282
0,thompson,232,austen,6.869186162948608
0,thompson,232,fitzgerald,6.3889480166965065
0,thompson,232,twain,6.003904581069946
0,thompson,232,non_oz_baum,5.515253305435181
0,thompson,232,non_oz_thompson,5.888057708740234
0,thompson,232,contested,4.8090914487838745
0,thompson,233,train,4.349546154340108
0,thompson,233,baum,5.436595320701599
0,thompson,233,thompson,4.636465668678284
0,thompson,233,dickens,6.349956711133321
0,thompson,233,melville,6.584467351436615
0,thompson,233,wells,6.522360165913899
0,thompson,233,austen,6.854752779006958
0,thompson,233,fitzgerald,6.382678826649983
0,thompson,233,twain,5.991838534673055
0,thompson,233,non_oz_baum,5.508145689964294
0,thompson,233,non_oz_thompson,5.876227140426636
0,thompson,233,contested,4.803938150405884
0,thompson,234,train,4.363349656263988
0,thompson,234,baum,5.438956737518311
0,thompson,234,thompson,4.636142373085022
0,thompson,234,dickens,6.362567901611328
0,thompson,234,melville,6.603376865386963
0,thompson,234,wells,6.540146668752034
0,thompson,234,austen,6.876606464385986
0,thompson,234,fitzgerald,6.396091408199734
0,thompson,234,twain,6.002770344416301
0,thompson,234,non_oz_baum,5.516136527061462
0,thompson,234,non_oz_thompson,5.883745908737183
0,thompson,234,contested,4.80800461769104
0,thompson,235,train,4.346964995066325
0,thompson,235,baum,5.425164341926575
0,thompson,235,thompson,4.6357539892196655
0,thompson,235,dickens,6.357368429501851
0,thompson,235,melville,6.594098925590515
0,thompson,235,wells,6.536388874053955
0,thompson,235,austen,6.877492904663086
0,thompson,235,fitzgerald,6.384966532389323
0,thompson,235,twain,5.989746888478597
0,thompson,235,non_oz_baum,5.505514025688171
0,thompson,235,non_oz_thompson,5.879307508468628
0,thompson,235,contested,4.803282856941223
0,thompson,236,train,4.319175998369853
0,thompson,236,baum,5.429150700569153
0,thompson,236,thompson,4.632476687431336
0,thompson,236,dickens,6.366262793540955
0,thompson,236,melville,6.5897626876831055
0,thompson,236,wells,6.535749276479085
0,thompson,236,austen,6.8721983432769775
0,thompson,236,fitzgerald,6.389121108584934
0,thompson,236,twain,5.995648701985677
0,thompson,236,non_oz_baum,5.50888991355896
0,thompson,236,non_oz_thompson,5.884319305419922
0,thompson,236,contested,4.803747177124023
0,thompson,237,train,4.334654668966929
0,thompson,237,baum,5.422655344009399
0,thompson,237,thompson,4.627816915512085
0,thompson,237,dickens,6.360741297403972
0,thompson,237,melville,6.583685696125031
0,thompson,237,wells,6.521772225697835
0,thompson,237,austen,6.8651087284088135
0,thompson,237,fitzgerald,6.384665860070123
0,thompson,237,twain,5.9930737018585205
0,thompson,237,non_oz_baum,5.506044507026672
0,thompson,237,non_oz_thompson,5.879246950149536
0,thompson,237,contested,4.799518823623657
0,thompson,238,train,4.306629876295726
0,thompson,238,baum,5.418068528175354
0,thompson,238,thompson,4.621437430381775
0,thompson,238,dickens,6.356218616167705
0,thompson,238,melville,6.600277543067932
0,thompson,238,wells,6.521928628285726
0,thompson,238,austen,6.869404077529907
0,thompson,238,fitzgerald,6.386075284745958
0,thompson,238,twain,5.995022137959798
0,thompson,238,non_oz_baum,5.507108449935913
0,thompson,238,non_oz_thompson,5.875822067260742
0,thompson,238,contested,4.798700332641602
0,thompson,239,train,4.323265890280406
0,thompson,239,baum,5.421790957450867
0,thompson,239,thompson,4.621122598648071
0,thompson,239,dickens,6.367658495903015
0,thompson,239,melville,6.608342945575714
0,thompson,239,wells,6.548302332560222
0,thompson,239,austen,6.883339405059815
0,thompson,239,fitzgerald,6.394827312893337
0,thompson,239,twain,5.999693155288696
0,thompson,239,non_oz_baum,5.505765676498413
0,thompson,239,non_oz_thompson,5.880438327789307
0,thompson,239,contested,4.798517823219299
0,thompson,240,train,4.3333234389623
0,thompson,240,baum,5.415793538093567
0,thompson,240,thompson,4.604720830917358
0,thompson,240,dickens,6.341201702753703
0,thompson,240,melville,6.589032053947449
0,thompson,240,wells,6.515023549397786
0,thompson,240,austen,6.856349229812622
0,thompson,240,fitzgerald,6.388303173912896
0,thompson,240,twain,5.999371608098348
0,thompson,240,non_oz_baum,5.501665949821472
0,thompson,240,non_oz_thompson,5.86707615852356
0,thompson,240,contested,4.795531868934631
0,thompson,241,train,4.320299069086711
0,thompson,241,baum,5.431062936782837
0,thompson,241,thompson,4.617550849914551
0,thompson,241,dickens,6.376365065574646
0,thompson,241,melville,6.606188058853149
0,thompson,241,wells,6.551044940948486
0,thompson,241,austen,6.87882661819458
0,thompson,241,fitzgerald,6.397179815504286
0,thompson,241,twain,5.998853921890259
0,thompson,241,non_oz_baum,5.509475469589233
0,thompson,241,non_oz_thompson,5.8796546459198
0,thompson,241,contested,4.800980091094971
0,thompson,242,train,4.308499773343404
0,thompson,242,baum,5.418099880218506
0,thompson,242,thompson,4.60650098323822
0,thompson,242,dickens,6.357354720433553
0,thompson,242,melville,6.602290809154511
0,thompson,242,wells,6.53403107325236
0,thompson,242,austen,6.870948076248169
0,thompson,242,fitzgerald,6.403944810231526
0,thompson,242,twain,6.003162225087483
0,thompson,242,non_oz_baum,5.508769631385803
0,thompson,242,non_oz_thompson,5.868691921234131
0,thompson,242,contested,4.793771505355835
0,thompson,243,train,4.326691289742787
0,thompson,243,baum,5.417147755622864
0,thompson,243,thompson,4.611444354057312
0,thompson,243,dickens,6.365062753359477
0,thompson,243,melville,6.591664671897888
0,thompson,243,wells,6.537565390268962
0,thompson,243,austen,6.860543251037598
0,thompson,243,fitzgerald,6.3912074830796985
0,thompson,243,twain,5.987399975458781
0,thompson,243,non_oz_baum,5.498886227607727
0,thompson,243,non_oz_thompson,5.876510143280029
0,thompson,243,contested,4.793055891990662
0,thompson,244,train,4.306691447893779
0,thompson,244,baum,5.429165363311768
0,thompson,244,thompson,4.604350328445435
0,thompson,244,dickens,6.36601718266805
0,thompson,244,melville,6.604322850704193
0,thompson,244,wells,6.53188943862915
0,thompson,244,austen,6.8732993602752686
0,thompson,244,fitzgerald,6.395751158396403
0,thompson,244,twain,6.000320355097453
0,thompson,244,non_oz_baum,5.504783630371094
0,thompson,244,non_oz_thompson,5.870038270950317
0,thompson,244,contested,4.792726397514343
0,thompson,245,train,4.291810015837352
0,thompson,245,baum,5.418524146080017
0,thompson,245,thompson,4.615275025367737
0,thompson,245,dickens,6.3691326379776
0,thompson,245,melville,6.602557837963104
0,thompson,245,wells,6.5460638999938965
0,thompson,245,austen,6.883030891418457
0,thompson,245,fitzgerald,6.393398549821642
0,thompson,245,twain,5.995581309000651
0,thompson,245,non_oz_baum,5.498258829116821
0,thompson,245,non_oz_thompson,5.879891633987427
0,thompson,245,contested,4.787151575088501
0,thompson,246,train,4.305703004201253
0,thompson,246,baum,5.415518879890442
0,thompson,246,thompson,4.61314594745636
0,thompson,246,dickens,6.370466391245524
0,thompson,246,melville,6.600800275802612
0,thompson,246,wells,6.561440149943034
0,thompson,246,austen,6.883677244186401
0,thompson,246,fitzgerald,6.395341449313694
0,thompson,246,twain,5.989113410313924
0,thompson,246,non_oz_baum,5.495083451271057
0,thompson,246,non_oz_thompson,5.880481243133545
0,thompson,246,contested,4.7843180894851685
0,thompson,247,train,4.296854078769684
0,thompson,247,baum,5.432715535163879
0,thompson,247,thompson,4.613499283790588
0,thompson,247,dickens,6.380917231241862
0,thompson,247,melville,6.603282690048218
0,thompson,247,wells,6.562343597412109
0,thompson,247,austen,6.9013283252716064
0,thompson,247,fitzgerald,6.400021235148112
0,thompson,247,twain,5.99434232711792
0,thompson,247,non_oz_baum,5.494224190711975
0,thompson,247,non_oz_thompson,5.8772852420806885
0,thompson,247,contested,4.789441585540772
0,thompson,248,train,4.3121874531110125
0,thompson,248,baum,5.4180588722229
0,thompson,248,thompson,4.595901250839233
0,thompson,248,dickens,6.346203605333964
0,thompson,248,melville,6.604625403881073
0,thompson,248,wells,6.527006149291992
0,thompson,248,austen,6.865061283111572
0,thompson,248,fitzgerald,6.403591526879205
0,thompson,248,twain,6.002617835998535
0,thompson,248,non_oz_baum,5.511419773101807
0,thompson,248,non_oz_thompson,5.866786241531372
0,thompson,248,contested,4.791270732879639
0,thompson,249,train,4.3001911242802935
0,thompson,249,baum,5.41509735584259
0,thompson,249,thompson,4.597615122795105
0,thompson,249,dickens,6.361655354499817
0,thompson,249,melville,6.608495473861694
0,thompson,249,wells,6.528486728668213
0,thompson,249,austen,6.868418455123901
0,thompson,249,fitzgerald,6.397710111406115
0,thompson,249,twain,5.993768771489461
0,thompson,249,non_oz_baum,5.494416236877441
0,thompson,249,non_oz_thompson,5.867124557495117
0,thompson,249,contested,4.786265969276428
0,thompson,250,train,4.277904947598775
0,thompson,250,baum,5.404703259468079
0,thompson,250,thompson,4.582420587539673
0,thompson,250,dickens,6.361983259518941
0,thompson,250,melville,6.608929097652435
0,thompson,250,wells,6.520429770151774
0,thompson,250,austen,6.867879152297974
0,thompson,250,fitzgerald,6.4116734398735895
0,thompson,250,twain,6.003527641296387
0,thompson,250,non_oz_baum,5.503010511398315
0,thompson,250,non_oz_thompson,5.868588209152222
0,thompson,250,contested,4.786868691444397
0,thompson,251,train,4.297746459643046
0,thompson,251,baum,5.412924766540527
0,thompson,251,thompson,4.5850443840026855
0,thompson,251,dickens,6.352710445721944
0,thompson,251,melville,6.603722810745239
0,thompson,251,wells,6.533124764760335
0,thompson,251,austen,6.870657682418823
0,thompson,251,fitzgerald,6.397415267096625
0,thompson,251,twain,5.998288472493489
0,thompson,251,non_oz_baum,5.493428587913513
0,thompson,251,non_oz_thompson,5.86379599571228
0,thompson,251,contested,4.782066583633423
0,thompson,252,train,4.284295439720154
0,thompson,252,baum,5.4168031215667725
0,thompson,252,thompson,4.596890687942505
0,thompson,252,dickens,6.379661997159322
0,thompson,252,melville,6.625087678432465
0,thompson,252,wells,6.564089298248291
0,thompson,252,austen,6.9255006313323975
0,thompson,252,fitzgerald,6.4090854856703015
0,thompson,252,twain,6.005356947580974
0,thompson,252,non_oz_baum,5.501384615898132
0,thompson,252,non_oz_thompson,5.884881019592285
0,thompson,252,contested,4.791284918785095
0,thompson,253,train,4.272361179192861
0,thompson,253,baum,5.406376838684082
0,thompson,253,thompson,4.590270161628723
0,thompson,253,dickens,6.364327788352966
0,thompson,253,melville,6.603879570960999
0,thompson,253,wells,6.551418304443359
0,thompson,253,austen,6.873161315917969
0,thompson,253,fitzgerald,6.4036520851982965
0,thompson,253,twain,5.996455351511638
0,thompson,253,non_oz_baum,5.495373487472534
0,thompson,253,non_oz_thompson,5.869442462921143
0,thompson,253,contested,4.783371806144714
0,thompson,254,train,4.27648921807607
0,thompson,254,baum,5.410101294517517
0,thompson,254,thompson,4.584484815597534
0,thompson,254,dickens,6.35659643014272
0,thompson,254,melville,6.605673789978027
0,thompson,254,wells,6.529363950093587
0,thompson,254,austen,6.884206771850586
0,thompson,254,fitzgerald,6.397062884436713
0,thompson,254,twain,6.001514116923015
0,thompson,254,non_oz_baum,5.501527667045593
0,thompson,254,non_oz_thompson,5.866550445556641
0,thompson,254,contested,4.781598091125488
0,thompson,255,train,4.277988056341807
0,thompson,255,baum,5.409684419631958
0,thompson,255,thompson,4.586282253265381
0,thompson,255,dickens,6.36095142364502
0,thompson,255,melville,6.612178206443787
0,thompson,255,wells,6.539786497751872
0,thompson,255,austen,6.886728286743164
0,thompson,255,fitzgerald,6.398162735833062
0,thompson,255,twain,5.997559150060018
0,thompson,255,non_oz_baum,5.498151898384094
0,thompson,255,non_oz_thompson,5.870513439178467
0,thompson,255,contested,4.774764895439148
0,thompson,256,train,4.26704074939092
0,thompson,256,baum,5.401725649833679
0,thompson,256,thompson,4.572965025901794
0,thompson,256,dickens,6.352383057276408
0,thompson,256,melville,6.612101435661316
0,thompson,256,wells,6.531516551971436
0,thompson,256,austen,6.867895841598511
0,thompson,256,fitzgerald,6.408182832929823
0,thompson,256,twain,6.005792856216431
0,thompson,256,non_oz_baum,5.495444059371948
0,thompson,256,non_oz_thompson,5.865978479385376
0,thompson,256,contested,4.780023097991943
0,thompson,257,train,4.258372883001964
0,thompson,257,baum,5.393786191940308
0,thompson,257,thompson,4.5784043073654175
0,thompson,257,dickens,6.368023117383321
0,thompson,257,melville,6.612223207950592
0,thompson,257,wells,6.543960094451904
0,thompson,257,austen,6.891188383102417
0,thompson,257,fitzgerald,6.407103432549371
0,thompson,257,twain,5.998329162597656
0,thompson,257,non_oz_baum,5.4896159172058105
0,thompson,257,non_oz_thompson,5.873779535293579
0,thompson,257,contested,4.77604067325592
0,thompson,258,train,4.26398374636968
0,thompson,258,baum,5.403568506240845
0,thompson,258,thompson,4.583885073661804
0,thompson,258,dickens,6.3775634765625
0,thompson,258,melville,6.62364798784256
0,thompson,258,wells,6.570218086242676
0,thompson,258,austen,6.896175622940064
0,thompson,258,fitzgerald,6.411768754323323
0,thompson,258,twain,6.004203001658122
0,thompson,258,non_oz_baum,5.495282769203186
0,thompson,258,non_oz_thompson,5.873277187347412
0,thompson,258,contested,4.77852475643158
0,thompson,259,train,4.255112946033478
0,thompson,259,baum,5.411198854446411
0,thompson,259,thompson,4.57848334312439
0,thompson,259,dickens,6.373410065968831
0,thompson,259,melville,6.6141164898872375
0,thompson,259,wells,6.562618891398112
0,thompson,259,austen,6.910443305969238
0,thompson,259,fitzgerald,6.409198072221544
0,thompson,259,twain,6.003189563751221
0,thompson,259,non_oz_baum,5.495531320571899
0,thompson,259,non_oz_thompson,5.873390913009644
0,thompson,259,contested,4.77591073513031
0,thompson,260,train,4.258716444174449
0,thompson,260,baum,5.40135133266449
0,thompson,260,thompson,4.561867594718933
0,thompson,260,dickens,6.360532720883687
0,thompson,260,melville,6.61877053976059
0,thompson,260,wells,6.535171985626221
0,thompson,260,austen,6.879534006118774
0,thompson,260,fitzgerald,6.419343577490912
0,thompson,260,twain,6.013396104176839
0,thompson,260,non_oz_baum,5.497639536857605
0,thompson,260,non_oz_thompson,5.85948657989502
0,thompson,260,contested,4.774458289146423
0,thompson,261,train,4.247267206509908
0,thompson,261,baum,5.413767099380493
0,thompson,261,thompson,4.573260188102722
0,thompson,261,dickens,6.39977486928304
0,thompson,261,melville,6.630900919437408
0,thompson,261,wells,6.575039386749268
0,thompson,261,austen,6.911240339279175
0,thompson,261,fitzgerald,6.417510350545247
0,thompson,261,twain,6.012489795684815
0,thompson,261,non_oz_baum,5.500979065895081
0,thompson,261,non_oz_thompson,5.877537727355957
0,thompson,261,contested,4.775515675544739
0,thompson,262,train,4.252569814523061
0,thompson,262,baum,5.380313754081726
0,thompson,262,thompson,4.548702239990234
0,thompson,262,dickens,6.34621528784434
0,thompson,262,melville,6.59914368391037
0,thompson,262,wells,6.523575146993001
0,thompson,262,austen,6.858083009719849
0,thompson,262,fitzgerald,6.406319618225098
0,thompson,262,twain,5.998003721237183
0,thompson,262,non_oz_baum,5.489752888679504
0,thompson,262,non_oz_thompson,5.851213216781616
0,thompson,262,contested,4.765660643577576
0,thompson,263,train,4.260617673397064
0,thompson,263,baum,5.391767501831055
0,thompson,263,thompson,4.554597496986389
0,thompson,263,dickens,6.365434686342876
0,thompson,263,melville,6.611326098442078
0,thompson,263,wells,6.536900997161865
0,thompson,263,austen,6.865135431289673
0,thompson,263,fitzgerald,6.409920374552409
0,thompson,263,twain,6.005434354146321
0,thompson,263,non_oz_baum,5.495185613632202
0,thompson,263,non_oz_thompson,5.862763404846191
0,thompson,263,contested,4.769667148590088
0,thompson,264,train,4.2556823293368025
0,thompson,264,baum,5.38721239566803
0,thompson,264,thompson,4.554124116897583
0,thompson,264,dickens,6.363805452982585
0,thompson,264,melville,6.613163471221924
0,thompson,264,wells,6.542776425679524
0,thompson,264,austen,6.875863790512085
0,thompson,264,fitzgerald,6.412059783935547
0,thompson,264,twain,6.002377986907959
0,thompson,264,non_oz_baum,5.492746949195862
0,thompson,264,non_oz_thompson,5.857273101806641
0,thompson,264,contested,4.769369125366211
0,thompson,265,train,4.230812788009644
0,thompson,265,baum,5.390632748603821
0,thompson,265,thompson,4.561904668807983
0,thompson,265,dickens,6.374001145362854
0,thompson,265,melville,6.606544256210327
0,thompson,265,wells,6.551355044047038
0,thompson,265,austen,6.887293338775635
0,thompson,265,fitzgerald,6.40414105521308
0,thompson,265,twain,5.98969316482544
0,thompson,265,non_oz_baum,5.481306791305542
0,thompson,265,non_oz_thompson,5.8626134395599365
0,thompson,265,contested,4.762396812438965
0,thompson,266,train,4.226897776126862
0,thompson,266,baum,5.386904835700989
0,thompson,266,thompson,4.547248721122742
0,thompson,266,dickens,6.368631203969319
0,thompson,266,melville,6.62335330247879
0,thompson,266,wells,6.537378470102946
0,thompson,266,austen,6.894729852676392
0,thompson,266,fitzgerald,6.421336015065511
0,thompson,266,twain,6.01215386390686
0,thompson,266,non_oz_baum,5.490178465843201
0,thompson,266,non_oz_thompson,5.862602233886719
0,thompson,266,contested,4.7699196338653564
0,thompson,267,train,4.225622097651164
0,thompson,267,baum,5.387522339820862
0,thompson,267,thompson,4.551391959190369
0,thompson,267,dickens,6.3775767882665
0,thompson,267,melville,6.621960997581482
0,thompson,267,wells,6.543790181477864
0,thompson,267,austen,6.897024154663086
0,thompson,267,fitzgerald,6.423114034864637
0,thompson,267,twain,6.010787566502889
0,thompson,267,non_oz_baum,5.49260675907135
0,thompson,267,non_oz_thompson,5.863173007965088
0,thompson,267,contested,4.7711217403411865
0,thompson,268,train,4.2251748243967695
0,thompson,268,baum,5.377927541732788
0,thompson,268,thompson,4.53597092628479
0,thompson,268,dickens,6.3581855694452925
0,thompson,268,melville,6.621883511543274
0,thompson,268,wells,6.530820528666179
0,thompson,268,austen,6.888588190078735
0,thompson,268,fitzgerald,6.413498613569471
0,thompson,268,twain,6.010912577311198
0,thompson,268,non_oz_baum,5.4910430908203125
0,thompson,268,non_oz_thompson,5.856711149215698
0,thompson,268,contested,4.7635661363601685
0,thompson,269,train,4.2384708126386
0,thompson,269,baum,5.375234246253967
0,thompson,269,thompson,4.539026498794556
0,thompson,269,dickens,6.372744997342427
0,thompson,269,melville,6.621460258960724
0,thompson,269,wells,6.545246918996175
0,thompson,269,austen,6.903022050857544
0,thompson,269,fitzgerald,6.422880861494276
0,thompson,269,twain,6.010394970575969
0,thompson,269,non_oz_baum,5.492266416549683
0,thompson,269,non_oz_thompson,5.86255145072937
0,thompson,269,contested,4.765804648399353
0,thompson,270,train,4.232925494511922
0,thompson,270,baum,5.381344676017761
0,thompson,270,thompson,4.551813125610352
0,thompson,270,dickens,6.367119868596395
0,thompson,270,melville,6.611819088459015
0,thompson,270,wells,6.549876689910889
0,thompson,270,austen,6.889163732528687
0,thompson,270,fitzgerald,6.415090878804524
0,thompson,270,twain,6.009419202804565
0,thompson,270,non_oz_baum,5.48708188533783
0,thompson,270,non_oz_thompson,5.869216203689575
0,thompson,270,contested,4.763721704483032
0,thompson,271,train,4.212975382804871
0,thompson,271,baum,5.375398635864258
0,thompson,271,thompson,4.532619118690491
0,thompson,271,dickens,6.374390204747518
0,thompson,271,melville,6.6255744099617
0,thompson,271,wells,6.552632967631022
0,thompson,271,austen,6.902224063873291
0,thompson,271,fitzgerald,6.4228515625
0,thompson,271,twain,6.012642542521159
0,thompson,271,non_oz_baum,5.481778621673584
0,thompson,271,non_oz_thompson,5.861413478851318
0,thompson,271,contested,4.759102582931519
0,thompson,272,train,4.2246471246083575
0,thompson,272,baum,5.389547228813171
0,thompson,272,thompson,4.530179738998413
0,thompson,272,dickens,6.363961259524028
0,thompson,272,melville,6.626499474048615
0,thompson,272,wells,6.546913146972656
0,thompson,272,austen,6.894167900085449
0,thompson,272,fitzgerald,6.417528364393446
0,thompson,272,twain,6.014968315760295
0,thompson,272,non_oz_baum,5.488910436630249
0,thompson,272,non_oz_thompson,5.858030796051025
0,thompson,272,contested,4.7631659507751465
0,thompson,273,train,4.233848293622335
0,thompson,273,baum,5.396830081939697
0,thompson,273,thompson,4.554695010185242
0,thompson,273,dickens,6.390485723813375
0,thompson,273,melville,6.624291777610779
0,thompson,273,wells,6.581792672475179
0,thompson,273,austen,6.902488231658936
0,thompson,273,fitzgerald,6.410928991105822
0,thompson,273,twain,5.996581633885701
0,thompson,273,non_oz_baum,5.483737468719482
0,thompson,273,non_oz_thompson,5.870071172714233
0,thompson,273,contested,4.763134956359863
0,thompson,274,train,4.216656843821208
0,thompson,274,baum,5.379239797592163
0,thompson,274,thompson,4.527087688446045
0,thompson,274,dickens,6.370153506596883
0,thompson,274,melville,6.62777841091156
0,thompson,274,wells,6.537192662556966
0,thompson,274,austen,6.888566732406616
0,thompson,274,fitzgerald,6.420009242163764
0,thompson,274,twain,6.00706132253011
0,thompson,274,non_oz_baum,5.484928965568543
0,thompson,274,non_oz_thompson,5.846487998962402
0,thompson,274,contested,4.757890105247498
0,thompson,275,train,4.222922146320343
0,thompson,275,baum,5.379900932312012
0,thompson,275,thompson,4.531298875808716
0,thompson,275,dickens,6.395206371943156
0,thompson,275,melville,6.631060302257538
0,thompson,275,wells,6.561718781789144
0,thompson,275,austen,6.929482460021973
0,thompson,275,fitzgerald,6.426845126681858
0,thompson,275,twain,6.009892463684082
0,thompson,275,non_oz_baum,5.48535692691803
0,thompson,275,non_oz_thompson,5.861698865890503
0,thompson,275,contested,4.759079813957214
0,thompson,276,train,4.197829981644948
0,thompson,276,baum,5.375963449478149
0,thompson,276,thompson,4.528750896453857
0,thompson,276,dickens,6.368654370307922
0,thompson,276,melville,6.621889531612396
0,thompson,276,wells,6.546449025472005
0,thompson,276,austen,6.892597436904907
0,thompson,276,fitzgerald,6.421347035302056
0,thompson,276,twain,6.003700812657674
0,thompson,276,non_oz_baum,5.486947059631348
0,thompson,276,non_oz_thompson,5.857768058776856
0,thompson,276,contested,4.753586530685425
0,thompson,277,train,4.204238494237264
0,thompson,277,baum,5.379178881645203
0,thompson,277,thompson,4.521356701850891
0,thompson,277,dickens,6.381046533584595
0,thompson,277,melville,6.630779087543488
0,thompson,277,wells,6.546650727589925
0,thompson,277,austen,6.906227111816406
0,thompson,277,fitzgerald,6.427211549546984
0,thompson,277,twain,6.014715353647868
0,thompson,277,non_oz_baum,5.493948578834534
0,thompson,277,non_oz_thompson,5.862795829772949
0,thompson,277,contested,4.755904912948608
0,thompson,278,train,4.206947942574819
0,thompson,278,baum,5.379756927490234
0,thompson,278,thompson,4.520611643791199
0,thompson,278,dickens,6.38317334651947
0,thompson,278,melville,6.637994289398193
0,thompson,278,wells,6.552934328715007
0,thompson,278,austen,6.900932550430298
0,thompson,278,fitzgerald,6.425239086151123
0,thompson,278,twain,6.009056329727173
0,thompson,278,non_oz_baum,5.486186146736145
0,thompson,278,non_oz_thompson,5.857465028762817
0,thompson,278,contested,4.7536327838897705
0,thompson,279,train,4.179379423459371
0,thompson,279,baum,5.365315079689026
0,thompson,279,thompson,4.526657700538635
0,thompson,279,dickens,6.387276450792949
0,thompson,279,melville,6.635263681411743
0,thompson,279,wells,6.571613152821858
0,thompson,279,austen,6.920077323913574
0,thompson,279,fitzgerald,6.43041271633572
0,thompson,279,twain,6.016047795613607
0,thompson,279,non_oz_baum,5.479706048965454
0,thompson,279,non_oz_thompson,5.860066652297974
0,thompson,279,contested,4.755357503890991
0,thompson,280,train,4.187226911385854
0,thompson,280,baum,5.374554395675659
0,thompson,280,thompson,4.516871929168701
0,thompson,280,dickens,6.374273379643758
0,thompson,280,melville,6.623570501804352
0,thompson,280,wells,6.554911931355794
0,thompson,280,austen,6.89335560798645
0,thompson,280,fitzgerald,6.425421396891276
0,thompson,280,twain,6.006317933400472
0,thompson,280,non_oz_baum,5.485553860664368
0,thompson,280,non_oz_thompson,5.85791540145874
0,thompson,280,contested,4.753078103065491
0,thompson,281,train,4.156067232290904
0,thompson,281,baum,5.36653745174408
0,thompson,281,thompson,4.511214375495911
0,thompson,281,dickens,6.391942938168843
0,thompson,281,melville,6.647853493690491
0,thompson,281,wells,6.552364826202393
0,thompson,281,austen,6.898991823196411
0,thompson,281,fitzgerald,6.438412454393175
0,thompson,281,twain,6.019591410954793
0,thompson,281,non_oz_baum,5.494011402130127
0,thompson,281,non_oz_thompson,5.862857818603516
0,thompson,281,contested,4.756079435348511
0,thompson,282,train,4.186651786168416
0,thompson,282,baum,5.381924033164978
0,thompson,282,thompson,4.508294582366943
0,thompson,282,dickens,6.386613051096599
0,thompson,282,melville,6.650681436061859
0,thompson,282,wells,6.558915456136067
0,thompson,282,austen,6.916894197463989
0,thompson,282,fitzgerald,6.43910731209649
0,thompson,282,twain,6.021164019902547
0,thompson,282,non_oz_baum,5.481914043426514
0,thompson,282,non_oz_thompson,5.862412452697754
0,thompson,282,contested,4.752216458320618
0,thompson,283,train,4.180328230063121
0,thompson,283,baum,5.372980117797852
0,thompson,283,thompson,4.510225415229797
0,thompson,283,dickens,6.379007617632548
0,thompson,283,melville,6.636696398258209
0,thompson,283,wells,6.550278027852376
0,thompson,283,austen,6.917571067810059
0,thompson,283,fitzgerald,6.437914371490479
0,thompson,283,twain,6.016659736633301
0,thompson,283,non_oz_baum,5.486395955085754
0,thompson,283,non_oz_thompson,5.8623552322387695
0,thompson,283,contested,4.753195524215698
0,thompson,284,train,4.17407222588857
0,thompson,284,baum,5.387875080108643
0,thompson,284,thompson,4.513660192489624
0,thompson,284,dickens,6.387536724408467
0,thompson,284,melville,6.653703272342682
0,thompson,284,wells,6.562190691630046
0,thompson,284,austen,6.934004068374634
0,thompson,284,fitzgerald,6.443047470516628
0,thompson,284,twain,6.032221873601277
0,thompson,284,non_oz_baum,5.49127995967865
0,thompson,284,non_oz_thompson,5.8647780418396
0,thompson,284,contested,4.75488543510437
0,thompson,285,train,4.174089213212331
0,thompson,285,baum,5.3683905601501465
0,thompson,285,thompson,4.4997169971466064
0,thompson,285,dickens,6.374116222063701
0,thompson,285,melville,6.6416738629341125
0,thompson,285,wells,6.543498516082764
0,thompson,285,austen,6.904410362243652
0,thompson,285,fitzgerald,6.437453852759467
0,thompson,285,twain,6.025087594985962
0,thompson,285,non_oz_baum,5.483227014541626
0,thompson,285,non_oz_thompson,5.852201461791992
0,thompson,285,contested,4.751940131187439
0,thompson,286,train,4.182636539141337
0,thompson,286,baum,5.360023021697998
0,thompson,286,thompson,4.496353507041931
0,thompson,286,dickens,6.374130407969157
0,thompson,286,melville,6.624384224414825
0,thompson,286,wells,6.524499416351318
0,thompson,286,austen,6.88547420501709
0,thompson,286,fitzgerald,6.431384510464138
0,thompson,286,twain,6.010062456130981
0,thompson,286,non_oz_baum,5.479329228401184
0,thompson,286,non_oz_thompson,5.850958585739136
0,thompson,286,contested,4.74639904499054
0,thompson,287,train,4.167787512143453
0,thompson,287,baum,5.372175335884094
0,thompson,287,thompson,4.501898169517517
0,thompson,287,dickens,6.392507632573445
0,thompson,287,melville,6.654671549797058
0,thompson,287,wells,6.553954442342122
0,thompson,287,austen,6.919879913330078
0,thompson,287,fitzgerald,6.456791665818956
0,thompson,287,twain,6.032427072525024
0,thompson,287,non_oz_baum,5.489840626716614
0,thompson,287,non_oz_thompson,5.859025955200195
0,thompson,287,contested,4.753383994102478
0,thompson,288,train,4.179842054843903
0,thompson,288,baum,5.362652540206909
0,thompson,288,thompson,4.491571664810181
0,thompson,288,dickens,6.365428169568379
0,thompson,288,melville,6.637995362281799
0,thompson,288,wells,6.535273551940918
0,thompson,288,austen,6.914067983627319
0,thompson,288,fitzgerald,6.434715323978001
0,thompson,288,twain,6.013089338938396
0,thompson,288,non_oz_baum,5.475226283073425
0,thompson,288,non_oz_thompson,5.848083734512329
0,thompson,288,contested,4.74226176738739
0,thompson,289,train,4.158837556838989
0,thompson,289,baum,5.35835874080658
0,thompson,289,thompson,4.481863856315613
0,thompson,289,dickens,6.359706560770671
0,thompson,289,melville,6.650040805339813
0,thompson,289,wells,6.528077920277913
0,thompson,289,austen,6.903870105743408
0,thompson,289,fitzgerald,6.449399312337239
0,thompson,289,twain,6.03392481803894
0,thompson,289,non_oz_baum,5.488929629325867
0,thompson,289,non_oz_thompson,5.8492419719696045
0,thompson,289,contested,4.748581171035767
0,thompson,290,train,4.156218498945236
0,thompson,290,baum,5.363453030586243
0,thompson,290,thompson,4.489932060241699
0,thompson,290,dickens,6.382400592168172
0,thompson,290,melville,6.6633846163749695
0,thompson,290,wells,6.546875317891439
0,thompson,290,austen,6.934985876083374
0,thompson,290,fitzgerald,6.4534962972005205
0,thompson,290,twain,6.02989927927653
0,thompson,290,non_oz_baum,5.485893130302429
0,thompson,290,non_oz_thompson,5.855076551437378
0,thompson,290,contested,4.747481822967529
0,thompson,291,train,4.162598272164662
0,thompson,291,baum,5.361132979393005
0,thompson,291,thompson,4.486201405525208
0,thompson,291,dickens,6.390711704889934
0,thompson,291,melville,6.665399551391602
0,thompson,291,wells,6.559368292490642
0,thompson,291,austen,6.940093040466309
0,thompson,291,fitzgerald,6.456879986657037
0,thompson,291,twain,6.033081690470378
0,thompson,291,non_oz_baum,5.484710454940796
0,thompson,291,non_oz_thompson,5.851518630981445
0,thompson,291,contested,4.746660709381104
0,thompson,292,train,4.156962096691132
0,thompson,292,baum,5.3657015562057495
0,thompson,292,thompson,4.492531418800354
0,thompson,292,dickens,6.387983163197835
0,thompson,292,melville,6.637657344341278
0,thompson,292,wells,6.555252552032471
0,thompson,292,austen,6.927049875259399
0,thompson,292,fitzgerald,6.442495028177897
0,thompson,292,twain,6.021257479985555
0,thompson,292,non_oz_baum,5.479390025138855
0,thompson,292,non_oz_thompson,5.8552565574646
0,thompson,292,contested,4.742334961891174
0,thompson,293,train,4.169345339139302
0,thompson,293,baum,5.367056608200073
0,thompson,293,thompson,4.4796106815338135
0,thompson,293,dickens,6.374534090360005
0,thompson,293,melville,6.64137864112854
0,thompson,293,wells,6.538572311401367
0,thompson,293,austen,6.899146795272827
0,thompson,293,fitzgerald,6.439528041415745
0,thompson,293,twain,6.025428136189778
0,thompson,293,non_oz_baum,5.482688307762146
0,thompson,293,non_oz_thompson,5.844620227813721
0,thompson,293,contested,4.738219022750855
0,thompson,294,train,4.140739997227986
0,thompson,294,baum,5.359609842300415
0,thompson,294,thompson,4.475336790084839
0,thompson,294,dickens,6.3691840171813965
0,thompson,294,melville,6.640660524368286
0,thompson,294,wells,6.529211521148682
0,thompson,294,austen,6.896721839904785
0,thompson,294,fitzgerald,6.445407814449734
0,thompson,294,twain,6.023849010467529
0,thompson,294,non_oz_baum,5.479613184928894
0,thompson,294,non_oz_thompson,5.846530914306641
0,thompson,294,contested,4.742289185523987
0,thompson,295,train,4.119079013665517
0,thompson,295,baum,5.356196522712708
0,thompson,295,thompson,4.46610701084137
0,thompson,295,dickens,6.359074632326762
0,thompson,295,melville,6.647754609584808
0,thompson,295,wells,6.529019673665364
0,thompson,295,austen,6.899936676025391
0,thompson,295,fitzgerald,6.4459034072028265
0,thompson,295,twain,6.016803582509358
0,thompson,295,non_oz_baum,5.471087694168091
0,thompson,295,non_oz_thompson,5.84063982963562
0,thompson,295,contested,4.740089297294617
0,thompson,296,train,4.151876668135325
0,thompson,296,baum,5.370243072509766
0,thompson,296,thompson,4.472892999649048
0,thompson,296,dickens,6.371776024500529
0,thompson,296,melville,6.646425008773804
0,thompson,296,wells,6.547605355580648
0,thompson,296,austen,6.912147045135498
0,thompson,296,fitzgerald,6.440888245900472
0,thompson,296,twain,6.017853021621704
0,thompson,296,non_oz_baum,5.4787962436676025
0,thompson,296,non_oz_thompson,5.842931509017944
0,thompson,296,contested,4.738148927688599
0,thompson,297,train,4.140247285366058
0,thompson,297,baum,5.360434532165527
0,thompson,297,thompson,4.467066586017609
0,thompson,297,dickens,6.365892211596171
0,thompson,297,melville,6.652379214763641
0,thompson,297,wells,6.528060436248779
0,thompson,297,austen,6.90876054763794
0,thompson,297,fitzgerald,6.452125125461155
0,thompson,297,twain,6.020755688349406
0,thompson,297,non_oz_baum,5.475124478340149
0,thompson,297,non_oz_thompson,5.8389856815338135
0,thompson,297,contested,4.735599398612976
0,thompson,298,train,4.13933523495992
0,thompson,298,baum,5.369584321975708
0,thompson,298,thompson,4.47572523355484
0,thompson,298,dickens,6.398196538289388
0,thompson,298,melville,6.667917847633362
0,thompson,298,wells,6.559255123138428
0,thompson,298,austen,6.932536840438843
0,thompson,298,fitzgerald,6.4534130626254615
0,thompson,298,twain,6.02580197652181
0,thompson,298,non_oz_baum,5.4811484813690186
0,thompson,298,non_oz_thompson,5.849223852157593
0,thompson,298,contested,4.733569145202637
0,thompson,299,train,4.13081016143163
0,thompson,299,baum,5.363319277763367
0,thompson,299,thompson,4.457190990447998
0,thompson,299,dickens,6.387784918149312
0,thompson,299,melville,6.678782522678375
0,thompson,299,wells,6.5484879811604815
0,thompson,299,austen,6.942199468612671
0,thompson,299,fitzgerald,6.471363544464111
0,thompson,299,twain,6.044201135635376
0,thompson,299,non_oz_baum,5.490253806114197
0,thompson,299,non_oz_thompson,5.85027289390564
0,thompson,299,contested,4.742746472358704
0,thompson,300,train,4.13799915711085
0,thompson,300,baum,5.353232979774475
0,thompson,300,thompson,4.446996033191681
0,thompson,300,dickens,6.363572319348653
0,thompson,300,melville,6.664282202720642
0,thompson,300,wells,6.526126702626546
0,thompson,300,austen,6.926223278045654
0,thompson,300,fitzgerald,6.448799769083659
0,thompson,300,twain,6.028069655100505
0,thompson,300,non_oz_baum,5.479996919631958
0,thompson,300,non_oz_thompson,5.846909046173096
0,thompson,300,contested,4.730536222457886
0,thompson,301,train,4.140206158161163
0,thompson,301,baum,5.359814405441284
0,thompson,301,thompson,4.458494007587433
0,thompson,301,dickens,6.376882155736287
0,thompson,301,melville,6.661907494068146
0,thompson,301,wells,6.539006074269612
0,thompson,301,austen,6.916817665100098
0,thompson,301,fitzgerald,6.452391677432591
0,thompson,301,twain,6.025699138641357
0,thompson,301,non_oz_baum,5.481159329414368
0,thompson,301,non_oz_thompson,5.849303245544434
0,thompson,301,contested,4.736142992973328
0,thompson,302,train,4.123602032661438
0,thompson,302,baum,5.348081588745117
0,thompson,302,thompson,4.449690401554108
0,thompson,302,dickens,6.375507593154907
0,thompson,302,melville,6.66116726398468
0,thompson,302,wells,6.540724436442058
0,thompson,302,austen,6.928810119628906
0,thompson,302,fitzgerald,6.460213131374783
0,thompson,302,twain,6.033407926559448
0,thompson,302,non_oz_baum,5.481066346168518
0,thompson,302,non_oz_thompson,5.846318483352661
0,thompson,302,contested,4.734967589378357
0,thompson,303,train,4.138638397057851
0,thompson,303,baum,5.345324516296387
0,thompson,303,thompson,4.454147756099701
0,thompson,303,dickens,6.379711627960205
0,thompson,303,melville,6.662601888179779
0,thompson,303,wells,6.557222525278728
0,thompson,303,austen,6.911958694458008
0,thompson,303,fitzgerald,6.450302282969157
0,thompson,303,twain,6.021371841430664
0,thompson,303,non_oz_baum,5.4733359813690186
0,thompson,303,non_oz_thompson,5.841520309448242
0,thompson,303,contested,4.726009368896484
0,thompson,304,train,4.130479733149211
0,thompson,304,baum,5.345740437507629
0,thompson,304,thompson,4.434627652168274
0,thompson,304,dickens,6.365884820620219
0,thompson,304,melville,6.667459428310394
0,thompson,304,wells,6.520168304443359
0,thompson,304,austen,6.91536808013916
0,thompson,304,fitzgerald,6.463211642371284
0,thompson,304,twain,6.032715797424316
0,thompson,304,non_oz_baum,5.48240852355957
0,thompson,304,non_oz_thompson,5.837735652923584
0,thompson,304,contested,4.732890009880066
0,thompson,305,train,4.116975516080856
0,thompson,305,baum,5.340715408325195
0,thompson,305,thompson,4.446321487426758
0,thompson,305,dickens,6.383370598157247
0,thompson,305,melville,6.661271095275879
0,thompson,305,wells,6.542926947275798
0,thompson,305,austen,6.918458461761475
0,thompson,305,fitzgerald,6.450538211398655
0,thompson,305,twain,6.0239817301432295
0,thompson,305,non_oz_baum,5.476024985313416
0,thompson,305,non_oz_thompson,5.84980058670044
0,thompson,305,contested,4.729398965835571
0,thompson,306,train,4.1216505368550616
0,thompson,306,baum,5.35345733165741
0,thompson,306,thompson,4.4413779973983765
0,thompson,306,dickens,6.374522765477498
0,thompson,306,melville,6.66341632604599
0,thompson,306,wells,6.540540218353272
0,thompson,306,austen,6.930078983306885
0,thompson,306,fitzgerald,6.458457946777344
0,thompson,306,twain,6.026871681213379
0,thompson,306,non_oz_baum,5.479906558990479
0,thompson,306,non_oz_thompson,5.841216564178467
0,thompson,306,contested,4.730124831199646
0,thompson,307,train,4.11619387070338
0,thompson,307,baum,5.353748679161072
0,thompson,307,thompson,4.445270776748657
0,thompson,307,dickens,6.403090834617615
0,thompson,307,melville,6.681305706501007
0,thompson,307,wells,6.575357278188069
0,thompson,307,austen,6.971054792404175
0,thompson,307,fitzgerald,6.46424749162462
0,thompson,307,twain,6.0368812084198
0,thompson,307,non_oz_baum,5.486234307289124
0,thompson,307,non_oz_thompson,5.853469133377075
0,thompson,307,contested,4.734509825706482
0,thompson,308,train,4.11847323179245
0,thompson,308,baum,5.339279532432556
0,thompson,308,thompson,4.440092206001282
0,thompson,308,dickens,6.389315724372864
0,thompson,308,melville,6.665871560573578
0,thompson,308,wells,6.560283025105794
0,thompson,308,austen,6.935980081558228
0,thompson,308,fitzgerald,6.461521042717828
0,thompson,308,twain,6.028220256169637
0,thompson,308,non_oz_baum,5.477983355522156
0,thompson,308,non_oz_thompson,5.841169357299805
0,thompson,308,contested,4.728668689727783
0,thompson,309,train,4.1165245572725935
0,thompson,309,baum,5.350315690040588
0,thompson,309,thompson,4.45155656337738
0,thompson,309,dickens,6.409901102383931
0,thompson,309,melville,6.662028789520264
0,thompson,309,wells,6.578975836435954
0,thompson,309,austen,6.941750764846802
0,thompson,309,fitzgerald,6.457997798919678
0,thompson,309,twain,6.022889137268066
0,thompson,309,non_oz_baum,5.473441004753113
0,thompson,309,non_oz_thompson,5.857038497924805
0,thompson,309,contested,4.723183512687683
0,thompson,310,train,4.112302134434382
0,thompson,310,baum,5.345797300338745
0,thompson,310,thompson,4.441010415554047
0,thompson,310,dickens,6.393391370773315
0,thompson,310,melville,6.651995837688446
0,thompson,310,wells,6.558424790700276
0,thompson,310,austen,6.938840627670288
0,thompson,310,fitzgerald,6.4591587914360895
0,thompson,310,twain,6.018599033355713
0,thompson,310,non_oz_baum,5.472270011901856
0,thompson,310,non_oz_thompson,5.845507860183716
0,thompson,310,contested,4.723572254180908
0,thompson,311,train,4.100127398967743
0,thompson,311,baum,5.324576616287232
0,thompson,311,thompson,4.429774641990662
0,thompson,311,dickens,6.374698201815288
0,thompson,311,melville,6.654128789901733
0,thompson,311,wells,6.533406734466553
0,thompson,311,austen,6.9150872230529785
0,thompson,311,fitzgerald,6.455926630232069
0,thompson,311,twain,6.021790901819865
0,thompson,311,non_oz_baum,5.472011685371399
0,thompson,311,non_oz_thompson,5.839610815048218
0,thompson,311,contested,4.717801332473755
0,thompson,312,train,4.100650280714035
0,thompson,312,baum,5.336217284202576
0,thompson,312,thompson,4.436122119426727
0,thompson,312,dickens,6.4023763338724775
0,thompson,312,melville,6.685684144496918
0,thompson,312,wells,6.564701080322266
0,thompson,312,austen,6.963123559951782
0,thompson,312,fitzgerald,6.482325183020698
0,thompson,312,twain,6.0451118151346845
0,thompson,312,non_oz_baum,5.483023643493652
0,thompson,312,non_oz_thompson,5.8527374267578125
0,thompson,312,contested,4.72660768032074
0,thompson,313,train,4.092232098182042
0,thompson,313,baum,5.342711448669434
0,thompson,313,thompson,4.438949823379517
0,thompson,313,dickens,6.394964138666789
0,thompson,313,melville,6.6591262221336365
0,thompson,313,wells,6.558810551961263
0,thompson,313,austen,6.947537899017334
0,thompson,313,fitzgerald,6.4637800852457685
0,thompson,313,twain,6.022459506988525
0,thompson,313,non_oz_baum,5.478333234786987
0,thompson,313,non_oz_thompson,5.858139276504517
0,thompson,313,contested,4.720582127571106
0,thompson,314,train,4.087318569421768
0,thompson,314,baum,5.351789832115173
0,thompson,314,thompson,4.429230809211731
0,thompson,314,dickens,6.397646983464559
0,thompson,314,melville,6.686264336109161
0,thompson,314,wells,6.550465106964111
0,thompson,314,austen,6.936938524246216
0,thompson,314,fitzgerald,6.480748918321398
0,thompson,314,twain,6.044478416442871
0,thompson,314,non_oz_baum,5.4818161725997925
0,thompson,314,non_oz_thompson,5.839333295822144
0,thompson,314,contested,4.726321935653687
0,thompson,315,train,4.097121596336365
0,thompson,315,baum,5.3470364809036255
0,thompson,315,thompson,4.430688321590424
0,thompson,315,dickens,6.395892381668091
0,thompson,315,melville,6.674328804016113
0,thompson,315,wells,6.551614602406819
0,thompson,315,austen,6.939010381698608
0,thompson,315,fitzgerald,6.46632194519043
0,thompson,315,twain,6.036372105280559
0,thompson,315,non_oz_baum,5.487103462219238
0,thompson,315,non_oz_thompson,5.847325563430786
0,thompson,315,contested,4.725523948669434
0,thompson,316,train,4.093815455834071
0,thompson,316,baum,5.362250089645386
0,thompson,316,thompson,4.432810068130493
0,thompson,316,dickens,6.413731654485066
0,thompson,316,melville,6.687287747859955
0,thompson,316,wells,6.570724964141846
0,thompson,316,austen,6.930105686187744
0,thompson,316,fitzgerald,6.481683360205756
0,thompson,316,twain,6.041880051294963
0,thompson,316,non_oz_baum,5.483216404914856
0,thompson,316,non_oz_thompson,5.852034568786621
0,thompson,316,contested,4.7263383865356445
0,thompson,317,train,4.095229248205821
0,thompson,317,baum,5.341365218162537
0,thompson,317,thompson,4.426072120666504
0,thompson,317,dickens,6.382723689079285
0,thompson,317,melville,6.664453029632568
0,thompson,317,wells,6.547438621520996
0,thompson,317,austen,6.925495386123657
0,thompson,317,fitzgerald,6.458554691738552
0,thompson,317,twain,6.026940107345581
0,thompson,317,non_oz_baum,5.474701166152954
0,thompson,317,non_oz_thompson,5.839266061782837
0,thompson,317,contested,4.717739701271057
0,thompson,318,train,4.082267890373866
0,thompson,318,baum,5.342625975608826
0,thompson,318,thompson,4.423467397689819
0,thompson,318,dickens,6.425867319107056
0,thompson,318,melville,6.680520415306091
0,thompson,318,wells,6.567878723144531
0,thompson,318,austen,6.933627843856812
0,thompson,318,fitzgerald,6.4823216332329645
0,thompson,318,twain,6.035175561904907
0,thompson,318,non_oz_baum,5.480520367622376
0,thompson,318,non_oz_thompson,5.855546951293945
0,thompson,318,contested,4.722745299339294
0,thompson,319,train,4.076386590798696
0,thompson,319,baum,5.34516167640686
0,thompson,319,thompson,4.417586088180542
0,thompson,319,dickens,6.404851039250691
0,thompson,319,melville,6.6831313371658325
0,thompson,319,wells,6.552215417226155
0,thompson,319,austen,6.941823720932007
0,thompson,319,fitzgerald,6.475533379448785
0,thompson,319,twain,6.035715500513713
0,thompson,319,non_oz_baum,5.480942726135254
0,thompson,319,non_oz_thompson,5.841675996780396
0,thompson,319,contested,4.717329382896423
0,thompson,320,train,4.067228376865387
0,thompson,320,baum,5.351189970970154
0,thompson,320,thompson,4.424224078655243
0,thompson,320,dickens,6.414668281873067
0,thompson,320,melville,6.692436873912811
0,thompson,320,wells,6.576766014099121
0,thompson,320,austen,6.963897466659546
0,thompson,320,fitzgerald,6.48167281680637
0,thompson,320,twain,6.042116006215413
0,thompson,320,non_oz_baum,5.483438968658447
0,thompson,320,non_oz_thompson,5.856176376342773
0,thompson,320,contested,4.725495457649231
0,thompson,321,train,4.07285796602567
0,thompson,321,baum,5.347853422164917
0,thompson,321,thompson,4.414039790630341
0,thompson,321,dickens,6.4030366738637285
0,thompson,321,melville,6.6776511669158936
0,thompson,321,wells,6.551579316457112
0,thompson,321,austen,6.943756341934204
0,thompson,321,fitzgerald,6.471484820048015
0,thompson,321,twain,6.035318851470947
0,thompson,321,non_oz_baum,5.470844864845276
0,thompson,321,non_oz_thompson,5.8414177894592285
0,thompson,321,contested,4.717202067375183
0,thompson,322,train,4.079154928525289
0,thompson,322,baum,5.350712776184082
0,thompson,322,thompson,4.417520999908447
0,thompson,322,dickens,6.412306110064189
0,thompson,322,melville,6.687052845954895
0,thompson,322,wells,6.581641515096028
0,thompson,322,austen,6.956432580947876
0,thompson,322,fitzgerald,6.489381260342068
0,thompson,322,twain,6.042736371358235
0,thompson,322,non_oz_baum,5.489064574241638
0,thompson,322,non_oz_thompson,5.856076955795288
0,thompson,322,contested,4.720231413841248
0,thompson,323,train,4.071116367975871
0,thompson,323,baum,5.341730833053589
0,thompson,323,thompson,4.405618071556091
0,thompson,323,dickens,6.399746537208557
0,thompson,323,melville,6.683150589466095
0,thompson,323,wells,6.5514834721883135
0,thompson,323,austen,6.95179557800293
0,thompson,323,fitzgerald,6.484407318962945
0,thompson,323,twain,6.039802233378093
0,thompson,323,non_oz_baum,5.478175044059753
0,thompson,323,non_oz_thompson,5.851778030395508
0,thompson,323,contested,4.720049619674683
0,thompson,324,train,4.045761158068975
0,thompson,324,baum,5.34673810005188
0,thompson,324,thompson,4.41130256652832
0,thompson,324,dickens,6.418480475743611
0,thompson,324,melville,6.703681230545044
0,thompson,324,wells,6.561208566029866
0,thompson,324,austen,6.952240228652954
0,thompson,324,fitzgerald,6.496358871459961
0,thompson,324,twain,6.045398473739624
0,thompson,324,non_oz_baum,5.480912923812866
0,thompson,324,non_oz_thompson,5.852330207824707
0,thompson,324,contested,4.717486500740051
0,thompson,325,train,4.058397064606349
0,thompson,325,baum,5.353713512420654
0,thompson,325,thompson,4.411285698413849
0,thompson,325,dickens,6.4156114260355634
0,thompson,325,melville,6.69087952375412
0,thompson,325,wells,6.578859965006511
0,thompson,325,austen,6.9474406242370605
0,thompson,325,fitzgerald,6.483939753638373
0,thompson,325,twain,6.043373187383016
0,thompson,325,non_oz_baum,5.480849623680115
0,thompson,325,non_oz_thompson,5.85659122467041
0,thompson,325,contested,4.7154576778411865
0,thompson,326,train,4.070545236269633
0,thompson,326,baum,5.328351855278015
0,thompson,326,thompson,4.404302656650543
0,thompson,326,dickens,6.422357638676961
0,thompson,326,melville,6.694105327129364
0,thompson,326,wells,6.561399300893148
0,thompson,326,austen,6.943079471588135
0,thompson,326,fitzgerald,6.494090292188856
0,thompson,326,twain,6.038148005803426
0,thompson,326,non_oz_baum,5.475090146064758
0,thompson,326,non_oz_thompson,5.854210615158081
0,thompson,326,contested,4.713300347328186
0,thompson,327,train,4.0582113067309065
0,thompson,327,baum,5.338489294052124
0,thompson,327,thompson,4.395610153675079
0,thompson,327,dickens,6.403315623601277
0,thompson,327,melville,6.694053053855896
0,thompson,327,wells,6.555476029713948
0,thompson,327,austen,6.964515447616577
0,thompson,327,fitzgerald,6.48596731821696
0,thompson,327,twain,6.039113283157349
0,thompson,327,non_oz_baum,5.469187259674072
0,thompson,327,non_oz_thompson,5.846806526184082
0,thompson,327,contested,4.708868980407715
0,thompson,328,train,4.061583340167999
0,thompson,328,baum,5.344054460525513
0,thompson,328,thompson,4.397259175777435
0,thompson,328,dickens,6.4244619607925415
0,thompson,328,melville,6.701857149600983
0,thompson,328,wells,6.567473411560059
0,thompson,328,austen,6.967209577560425
0,thompson,328,fitzgerald,6.494905683729384
0,thompson,328,twain,6.046995162963867
0,thompson,328,non_oz_baum,5.476843595504761
0,thompson,328,non_oz_thompson,5.847969770431519
0,thompson,328,contested,4.714216113090515
0,thompson,329,train,4.058150867621104
0,thompson,329,baum,5.327980875968933
0,thompson,329,thompson,4.396085679531097
0,thompson,329,dickens,6.42680283387502
0,thompson,329,melville,6.701957881450653
0,thompson,329,wells,6.574113210042317
0,thompson,329,austen,6.976608514785767
0,thompson,329,fitzgerald,6.491223759121365
0,thompson,329,twain,6.043679396311442
0,thompson,329,non_oz_baum,5.47100830078125
0,thompson,329,non_oz_thompson,5.851410627365112
0,thompson,329,contested,4.714774131774902
0,thompson,330,train,4.047414312760036
0,thompson,330,baum,5.337008357048035
0,thompson,330,thompson,4.398254990577698
0,thompson,330,dickens,6.417302131652832
0,thompson,330,melville,6.686123609542847
0,thompson,330,wells,6.573644161224365
0,thompson,330,austen,6.953571319580078
0,thompson,330,fitzgerald,6.495630370246039
0,thompson,330,twain,6.043479919433594
0,thompson,330,non_oz_baum,5.469128727912903
0,thompson,330,non_oz_thompson,5.848673343658447
0,thompson,330,contested,4.711313128471375
0,thompson,331,train,4.040972332159678
0,thompson,331,baum,5.34305477142334
0,thompson,331,thompson,4.393534719944
0,thompson,331,dickens,6.426429192225139
0,thompson,331,melville,6.709429621696472
0,thompson,331,wells,6.568663438161214
0,thompson,331,austen,6.961530447006226
0,thompson,331,fitzgerald,6.501910262637669
0,thompson,331,twain,6.053973356882731
0,thompson,331,non_oz_baum,5.48052442073822
0,thompson,331,non_oz_thompson,5.852210521697998
0,thompson,331,contested,4.714273571968079
0,thompson,332,train,4.039270619551341
0,thompson,332,baum,5.339657783508301
0,thompson,332,thompson,4.381103575229645
0,thompson,332,dickens,6.414683659871419
0,thompson,332,melville,6.71305775642395
0,thompson,332,wells,6.554455280303955
0,thompson,332,austen,6.95841383934021
0,thompson,332,fitzgerald,6.5057725376553
0,thompson,332,twain,6.056498845418294
0,thompson,332,non_oz_baum,5.475003600120544
0,thompson,332,non_oz_thompson,5.839549779891968
0,thompson,332,contested,4.71262001991272
0,thompson,333,train,4.03273559610049
0,thompson,333,baum,5.335434675216675
0,thompson,333,thompson,4.3826873898506165
0,thompson,333,dickens,6.428361415863037
0,thompson,333,melville,6.712382137775421
0,thompson,333,wells,6.573328495025635
0,thompson,333,austen,6.97159218788147
0,thompson,333,fitzgerald,6.513473563724094
0,thompson,333,twain,6.053478082021077
0,thompson,333,non_oz_baum,5.477149486541748
0,thompson,333,non_oz_thompson,5.849640369415283
0,thompson,333,contested,4.711899876594544
0,thompson,334,train,4.041696598132451
0,thompson,334,baum,5.336091041564941
0,thompson,334,thompson,4.396561443805695
0,thompson,334,dickens,6.4350239833196
0,thompson,334,melville,6.698858559131622
0,thompson,334,wells,6.58405860265096
0,thompson,334,austen,6.968612432479858
0,thompson,334,fitzgerald,6.496119287278917
0,thompson,334,twain,6.051723162333171
0,thompson,334,non_oz_baum,5.47996997833252
0,thompson,334,non_oz_thompson,5.8580849170684814
0,thompson,334,contested,4.7127087116241455
0,thompson,335,train,4.050247699022293
0,thompson,335,baum,5.324769854545593
0,thompson,335,thompson,4.366776168346405
0,thompson,335,dickens,6.417691588401794
0,thompson,335,melville,6.714475214481354
0,thompson,335,wells,6.550702412923177
0,thompson,335,austen,6.946466445922852
0,thompson,335,fitzgerald,6.520540131462945
0,thompson,335,twain,6.061984618504842
0,thompson,335,non_oz_baum,5.476657271385193
0,thompson,335,non_oz_thompson,5.842354536056519
0,thompson,335,contested,4.714861512184143
0,thompson,336,train,4.022115121285121
0,thompson,336,baum,5.327435851097107
0,thompson,336,thompson,4.377455770969391
0,thompson,336,dickens,6.422284046808879
0,thompson,336,melville,6.707843065261841
0,thompson,336,wells,6.552807490030925
0,thompson,336,austen,6.928715229034424
0,thompson,336,fitzgerald,6.516885863410102
0,thompson,336,twain,6.060954729715983
0,thompson,336,non_oz_baum,5.481695055961609
0,thompson,336,non_oz_thompson,5.848581314086914
0,thompson,336,contested,4.711694836616516
0,thompson,337,train,4.049852589766185
0,thompson,337,baum,5.345908045768738
0,thompson,337,thompson,4.378476142883301
0,thompson,337,dickens,6.438239375750224
0,thompson,337,melville,6.728306770324707
0,thompson,337,wells,6.570803324381511
0,thompson,337,austen,6.971528768539429
0,thompson,337,fitzgerald,6.523933675554064
0,thompson,337,twain,6.065060138702393
0,thompson,337,non_oz_baum,5.479357957839966
0,thompson,337,non_oz_thompson,5.8506340980529785
0,thompson,337,contested,4.7163907289505005
0,thompson,338,train,4.020825316508611
0,thompson,338,baum,5.331187009811401
0,thompson,338,thompson,4.361040711402893
0,thompson,338,dickens,6.434001485506694
0,thompson,338,melville,6.743858277797699
0,thompson,338,wells,6.577615896860759
0,thompson,338,austen,6.979648351669312
0,thompson,338,fitzgerald,6.546549373202854
0,thompson,338,twain,6.084657589594523
0,thompson,338,non_oz_baum,5.485037803649902
0,thompson,338,non_oz_thompson,5.857259035110474
0,thompson,338,contested,4.714031100273132
0,thompson,339,train,4.010193039973577
0,thompson,339,baum,5.339821577072144
0,thompson,339,thompson,4.378271758556366
0,thompson,339,dickens,6.438820004463196
0,thompson,339,melville,6.717120468616486
0,thompson,339,wells,6.584761619567871
0,thompson,339,austen,6.962025880813599
0,thompson,339,fitzgerald,6.51734193166097
0,thompson,339,twain,6.06141455968221
0,thompson,339,non_oz_baum,5.484591841697693
0,thompson,339,non_oz_thompson,5.855958938598633
0,thompson,339,contested,4.71316659450531
0,thompson,340,train,4.0215659737586975
0,thompson,340,baum,5.34694504737854
0,thompson,340,thompson,4.372844576835632
0,thompson,340,dickens,6.43186358610789
0,thompson,340,melville,6.726666152477264
0,thompson,340,wells,6.593820571899414
0,thompson,340,austen,6.96897029876709
0,thompson,340,fitzgerald,6.517004277971056
0,thompson,340,twain,6.064671039581299
0,thompson,340,non_oz_baum,5.48219645023346
0,thompson,340,non_oz_thompson,5.849930047988892
0,thompson,340,contested,4.711240887641907
0,thompson,341,train,4.029345045487086
0,thompson,341,baum,5.338976502418518
0,thompson,341,thompson,4.370675027370453
0,thompson,341,dickens,6.404243429501851
0,thompson,341,melville,6.690330982208252
0,thompson,341,wells,6.553517500559489
0,thompson,341,austen,6.9316246509552
0,thompson,341,fitzgerald,6.500283771091038
0,thompson,341,twain,6.0433041254679365
0,thompson,341,non_oz_baum,5.470037698745728
0,thompson,341,non_oz_thompson,5.844450950622559
0,thompson,341,contested,4.704967975616455
0,thompson,342,train,4.021330734093984
0,thompson,342,baum,5.328706741333008
0,thompson,342,thompson,4.359223961830139
0,thompson,342,dickens,6.41469128926595
0,thompson,342,melville,6.720621049404144
0,thompson,342,wells,6.574441274007161
0,thompson,342,austen,6.96358323097229
0,thompson,342,fitzgerald,6.517659664154053
0,thompson,342,twain,6.062545617421468
0,thompson,342,non_oz_baum,5.478547692298889
0,thompson,342,non_oz_thompson,5.841709136962891
0,thompson,342,contested,4.706409454345703
0,thompson,343,train,4.026997596025467
0,thompson,343,baum,5.32034957408905
0,thompson,343,thompson,4.361545503139496
0,thompson,343,dickens,6.425917466481526
0,thompson,343,melville,6.711461782455444
0,thompson,343,wells,6.570361296335856
0,thompson,343,austen,6.951023817062378
0,thompson,343,fitzgerald,6.517916838328044
0,thompson,343,twain,6.054869413375855
0,thompson,343,non_oz_baum,5.473560571670532
0,thompson,343,non_oz_thompson,5.850463390350342
0,thompson,343,contested,4.702665328979492
0,thompson,344,train,4.027851531902949
0,thompson,344,baum,5.328306198120117
0,thompson,344,thompson,4.357203423976898
0,thompson,344,dickens,6.433728337287903
0,thompson,344,melville,6.724215567111969
0,thompson,344,wells,6.571665604909261
0,thompson,344,austen,6.966449975967407
0,thompson,344,fitzgerald,6.53279972076416
0,thompson,344,twain,6.060149351755778
0,thompson,344,non_oz_baum,5.473085403442383
0,thompson,344,non_oz_thompson,5.850015878677368
0,thompson,344,contested,4.704681754112244
0,thompson,345,train,4.012622902790706
0,thompson,345,baum,5.343840599060059
0,thompson,345,thompson,4.37297123670578
0,thompson,345,dickens,6.44722847143809
0,thompson,345,melville,6.71543163061142
0,thompson,345,wells,6.593376318613688
0,thompson,345,austen,6.976503849029541
0,thompson,345,fitzgerald,6.515460544162327
0,thompson,345,twain,6.0493418375651045
0,thompson,345,non_oz_baum,5.477246284484863
0,thompson,345,non_oz_thompson,5.854452610015869
0,thompson,345,contested,4.703299283981323
0,thompson,346,train,4.010923504829407
0,thompson,346,baum,5.345441937446594
0,thompson,346,thompson,4.367732048034668
0,thompson,346,dickens,6.44566535949707
0,thompson,346,melville,6.720020771026611
0,thompson,346,wells,6.604589303334554
0,thompson,346,austen,6.973529577255249
0,thompson,346,fitzgerald,6.51873058742947
0,thompson,346,twain,6.044218301773071
0,thompson,346,non_oz_baum,5.47351336479187
0,thompson,346,non_oz_thompson,5.857440948486328
0,thompson,346,contested,4.703126311302185
0,thompson,347,train,4.000266373157501
0,thompson,347,baum,5.332889556884766
0,thompson,347,thompson,4.340354144573212
0,thompson,347,dickens,6.432576616605123
0,thompson,347,melville,6.736322104930878
0,thompson,347,wells,6.557887554168701
0,thompson,347,austen,6.952595472335815
0,thompson,347,fitzgerald,6.533960872226292
0,thompson,347,twain,6.067972183227539
0,thompson,347,non_oz_baum,5.482624530792236
0,thompson,347,non_oz_thompson,5.853096961975098
0,thompson,347,contested,4.703898549079895
0,thompson,348,train,3.9777062038580575
0,thompson,348,baum,5.328930020332336
0,thompson,348,thompson,4.343469083309174
0,thompson,348,dickens,6.446683168411255
0,thompson,348,melville,6.768526077270508
0,thompson,348,wells,6.584700743357341
0,thompson,348,austen,6.982740163803101
0,thompson,348,fitzgerald,6.54540401034885
0,thompson,348,twain,6.066780169804891
0,thompson,348,non_oz_baum,5.490843892097473
0,thompson,348,non_oz_thompson,5.8498077392578125
0,thompson,348,contested,4.70569121837616
0,thompson,349,train,3.995912571748098
0,thompson,349,baum,5.341060400009155
0,thompson,349,thompson,4.344923496246338
0,thompson,349,dickens,6.453068097432454
0,thompson,349,melville,6.752780735492706
0,thompson,349,wells,6.580480098724365
0,thompson,349,austen,6.970165014266968
0,thompson,349,fitzgerald,6.557487699720594
0,thompson,349,twain,6.073575735092163
0,thompson,349,non_oz_baum,5.4815980195999146
0,thompson,349,non_oz_thompson,5.852967262268066
0,thompson,349,contested,4.702929258346558
0,thompson,350,train,4.009677122036616
0,thompson,350,baum,5.342387437820435
0,thompson,350,thompson,4.354810178279877
0,thompson,350,dickens,6.470989267031352
0,thompson,350,melville,6.769428014755249
0,thompson,350,wells,6.606637159983317
0,thompson,350,austen,7.023881912231445
0,thompson,350,fitzgerald,6.55846463309394
0,thompson,350,twain,6.087617953618367
0,thompson,350,non_oz_baum,5.48988401889801
0,thompson,350,non_oz_thompson,5.872313737869263
0,thompson,350,contested,4.714194655418396
0,thompson,351,train,3.9942003389199576
0,thompson,351,baum,5.3315733671188354
0,thompson,351,thompson,4.335986912250519
0,thompson,351,dickens,6.444457729657491
0,thompson,351,melville,6.756123840808868
0,thompson,351,wells,6.588643709818522
0,thompson,351,austen,6.995434761047363
0,thompson,351,fitzgerald,6.547429296705458
0,thompson,351,twain,6.077902634938558
0,thompson,351,non_oz_baum,5.489331364631653
0,thompson,351,non_oz_thompson,5.8561692237854
0,thompson,351,contested,4.70564603805542
0,thompson,352,train,3.990137229363123
0,thompson,352,baum,5.329776406288147
0,thompson,352,thompson,4.332838416099548
0,thompson,352,dickens,6.44509494304657
0,thompson,352,melville,6.738377988338471
0,thompson,352,wells,6.565401236216228
0,thompson,352,austen,6.95823335647583
0,thompson,352,fitzgerald,6.54410621854994
0,thompson,352,twain,6.068669319152832
0,thompson,352,non_oz_baum,5.480401277542114
0,thompson,352,non_oz_thompson,5.846964597702026
0,thompson,352,contested,4.703745365142822
0,thompson,353,train,3.996810108423233
0,thompson,353,baum,5.339378714561462
0,thompson,353,thompson,4.335122466087341
0,thompson,353,dickens,6.450023611386617
0,thompson,353,melville,6.7544846534729
0,thompson,353,wells,6.5817263921101885
0,thompson,353,austen,6.969330549240112
0,thompson,353,fitzgerald,6.553053432040745
0,thompson,353,twain,6.073285818099976
0,thompson,353,non_oz_baum,5.478377103805542
0,thompson,353,non_oz_thompson,5.85873556137085
0,thompson,353,contested,4.706704616546631
0,thompson,354,train,3.987217664718628
0,thompson,354,baum,5.326037287712097
0,thompson,354,thompson,4.340732336044312
0,thompson,354,dickens,6.438592195510864
0,thompson,354,melville,6.728743970394135
0,thompson,354,wells,6.58107328414917
0,thompson,354,austen,6.952533006668091
0,thompson,354,fitzgerald,6.538447856903076
0,thompson,354,twain,6.059999783833821
0,thompson,354,non_oz_baum,5.4780707359313965
0,thompson,354,non_oz_thompson,5.852310180664063
0,thompson,354,contested,4.699599027633667
0,thompson,355,train,3.974349250396093
0,thompson,355,baum,5.324917793273926
0,thompson,355,thompson,4.33409184217453
0,thompson,355,dickens,6.444427967071533
0,thompson,355,melville,6.734014689922333
0,thompson,355,wells,6.571607748667399
0,thompson,355,austen,6.965510845184326
0,thompson,355,fitzgerald,6.541426870557997
0,thompson,355,twain,6.05834174156189
0,thompson,355,non_oz_baum,5.473755121231079
0,thompson,355,non_oz_thompson,5.855079889297485
0,thompson,355,contested,4.696244835853577
0,thompson,356,train,3.982890327771505
0,thompson,356,baum,5.323344707489014
0,thompson,356,thompson,4.329922080039978
0,thompson,356,dickens,6.451702276865642
0,thompson,356,melville,6.758094489574432
0,thompson,356,wells,6.598831017812093
0,thompson,356,austen,6.98244833946228
0,thompson,356,fitzgerald,6.564405865139431
0,thompson,356,twain,6.090276718139648
0,thompson,356,non_oz_baum,5.4914960861206055
0,thompson,356,non_oz_thompson,5.859257698059082
0,thompson,356,contested,4.7110360860824585
0,thompson,357,train,3.989637623230616
0,thompson,357,baum,5.3210612535476685
0,thompson,357,thompson,4.340121030807495
0,thompson,357,dickens,6.468478759129842
0,thompson,357,melville,6.749526917934418
0,thompson,357,wells,6.593666394551595
0,thompson,357,austen,6.9779887199401855
0,thompson,357,fitzgerald,6.549020555284288
0,thompson,357,twain,6.070810556411743
0,thompson,357,non_oz_baum,5.48593270778656
0,thompson,357,non_oz_thompson,5.8636314868927
0,thompson,357,contested,4.7068772315979
0,thompson,358,train,3.963271945714951
0,thompson,358,baum,5.324853420257568
0,thompson,358,thompson,4.337638974189758
0,thompson,358,dickens,6.457223733266194
0,thompson,358,melville,6.75486433506012
0,thompson,358,wells,6.588604927062988
0,thompson,358,austen,7.001978397369385
0,thompson,358,fitzgerald,6.556391027238634
0,thompson,358,twain,6.083253701527913
0,thompson,358,non_oz_baum,5.496068477630615
0,thompson,358,non_oz_thompson,5.860304832458496
0,thompson,358,contested,4.710654139518738
0,thompson,359,train,3.9739519457022334
0,thompson,359,baum,5.333427786827087
0,thompson,359,thompson,4.333304643630981
0,thompson,359,dickens,6.462703227996826
0,thompson,359,melville,6.756480097770691
0,thompson,359,wells,6.6090043385823565
0,thompson,359,austen,6.974920511245728
0,thompson,359,fitzgerald,6.576472176445855
0,thompson,359,twain,6.0838766892751055
0,thompson,359,non_oz_baum,5.491141438484192
0,thompson,359,non_oz_thompson,5.85789966583252
0,thompson,359,contested,4.705671429634094
0,thompson,360,train,3.975529740254084
0,thompson,360,baum,5.322007298469544
0,thompson,360,thompson,4.335031628608704
0,thompson,360,dickens,6.462776223818461
0,thompson,360,melville,6.754258513450623
0,thompson,360,wells,6.595661481221517
0,thompson,360,austen,6.994370460510254
0,thompson,360,fitzgerald,6.554358853234185
0,thompson,360,twain,6.078285535176595
0,thompson,360,non_oz_baum,5.48999547958374
0,thompson,360,non_oz_thompson,5.860105752944946
0,thompson,360,contested,4.70108425617218
0,thompson,361,train,3.9869641760985055
0,thompson,361,baum,5.312859773635864
0,thompson,361,thompson,4.319267153739929
0,thompson,361,dickens,6.454876979192098
0,thompson,361,melville,6.768525004386902
0,thompson,361,wells,6.588511943817139
0,thompson,361,austen,6.993088960647583
0,thompson,361,fitzgerald,6.565749062432183
0,thompson,361,twain,6.079831997553508
0,thompson,361,non_oz_baum,5.480330109596252
0,thompson,361,non_oz_thompson,5.849365234375
0,thompson,361,contested,4.696858525276184
0,thompson,362,train,3.951901505390803
0,thompson,362,baum,5.335233569145203
0,thompson,362,thompson,4.322888135910034
0,thompson,362,dickens,6.4557673533757525
0,thompson,362,melville,6.772501885890961
0,thompson,362,wells,6.596357822418213
0,thompson,362,austen,6.991321802139282
0,thompson,362,fitzgerald,6.566025786929661
0,thompson,362,twain,6.0815943876902265
0,thompson,362,non_oz_baum,5.485051870346069
0,thompson,362,non_oz_thompson,5.848343849182129
0,thompson,362,contested,4.699592709541321
0,thompson,363,train,3.955266882975896
0,thompson,363,baum,5.345657825469971
0,thompson,363,thompson,4.322290062904358
0,thompson,363,dickens,6.4804067214330034
0,thompson,363,melville,6.792637348175049
0,thompson,363,wells,6.609347979227702
0,thompson,363,austen,7.01927924156189
0,thompson,363,fitzgerald,6.590244293212891
0,thompson,363,twain,6.098883708318074
0,thompson,363,non_oz_baum,5.488262295722961
0,thompson,363,non_oz_thompson,5.864110231399536
0,thompson,363,contested,4.707890748977661
0,thompson,364,train,3.941697746515274
0,thompson,364,baum,5.335896015167236
0,thompson,364,thompson,4.325466632843018
0,thompson,364,dickens,6.4776779015858965
0,thompson,364,melville,6.777757167816162
0,thompson,364,wells,6.613410790761312
0,thompson,364,austen,6.99776816368103
0,thompson,364,fitzgerald,6.580645084381104
0,thompson,364,twain,6.087623993555705
0,thompson,364,non_oz_baum,5.495577096939087
0,thompson,364,non_oz_thompson,5.865749597549439
0,thompson,364,contested,4.707630038261414
0,thompson,365,train,3.9660136898358656
0,thompson,365,baum,5.335947871208191
0,thompson,365,thompson,4.319749355316162
0,thompson,365,dickens,6.458318948745728
0,thompson,365,melville,6.764503538608551
0,thompson,365,wells,6.603111902872722
0,thompson,365,austen,7.008801460266113
0,thompson,365,fitzgerald,6.550731817881267
0,thompson,365,twain,6.081159989039104
0,thompson,365,non_oz_baum,5.480138659477234
0,thompson,365,non_oz_thompson,5.858754396438599
0,thompson,365,contested,4.703379273414612
0,thompson,366,train,3.977044055859248
0,thompson,366,baum,5.33849561214447
0,thompson,366,thompson,4.329072177410126
0,thompson,366,dickens,6.479126612345378
0,thompson,366,melville,6.77340704202652
0,thompson,366,wells,6.617233435312907
0,thompson,366,austen,6.996610403060913
0,thompson,366,fitzgerald,6.571284347110325
0,thompson,366,twain,6.075799942016602
0,thompson,366,non_oz_baum,5.488040804862976
0,thompson,366,non_oz_thompson,5.861797332763672
0,thompson,366,contested,4.704374194145203
0,thompson,367,train,3.96897221604983
0,thompson,367,baum,5.3353307247161865
0,thompson,367,thompson,4.335330188274384
0,thompson,367,dickens,6.512102127075195
0,thompson,367,melville,6.790250480175018
0,thompson,367,wells,6.634542624155681
0,thompson,367,austen,7.006428956985474
0,thompson,367,fitzgerald,6.603553083207872
0,thompson,367,twain,6.0958092212677
0,thompson,367,non_oz_baum,5.499100804328919
0,thompson,367,non_oz_thompson,5.875675439834595
0,thompson,367,contested,4.7102378606796265
0,thompson,368,train,3.974367827177048
0,thompson,368,baum,5.321732759475708
0,thompson,368,thompson,4.326112329959869
0,thompson,368,dickens,6.484818816184998
0,thompson,368,melville,6.760665774345398
0,thompson,368,wells,6.606170018513997
0,thompson,368,austen,6.989480018615723
0,thompson,368,fitzgerald,6.568261464436849
0,thompson,368,twain,6.079635302225749
0,thompson,368,non_oz_baum,5.4895066022872925
0,thompson,368,non_oz_thompson,5.872629880905151
0,thompson,368,contested,4.706620335578919
0,thompson,369,train,3.9474306404590607
0,thompson,369,baum,5.328226804733276
0,thompson,369,thompson,4.339185535907745
0,thompson,369,dickens,6.496822118759155
0,thompson,369,melville,6.764214932918549
0,thompson,369,wells,6.643798033396403
0,thompson,369,austen,7.00117301940918
0,thompson,369,fitzgerald,6.576272964477539
0,thompson,369,twain,6.081735610961914
0,thompson,369,non_oz_baum,5.490206837654114
0,thompson,369,non_oz_thompson,5.8752031326293945
0,thompson,369,contested,4.704638242721558
0,thompson,370,train,3.945652902126312
0,thompson,370,baum,5.342131853103638
0,thompson,370,thompson,4.336440145969391
0,thompson,370,dickens,6.530317544937134
0,thompson,370,melville,6.799237132072449
0,thompson,370,wells,6.657546838124593
0,thompson,370,austen,7.009454965591431
0,thompson,370,fitzgerald,6.630498038397895
0,thompson,370,twain,6.106633981068929
0,thompson,370,non_oz_baum,5.509050130844116
0,thompson,370,non_oz_thompson,5.894801616668701
0,thompson,370,contested,4.721113801002502
0,thompson,371,train,3.953725109497706
0,thompson,371,baum,5.327343702316284
0,thompson,371,thompson,4.327965557575226
0,thompson,371,dickens,6.515849192937215
0,thompson,371,melville,6.79153710603714
0,thompson,371,wells,6.639896551767985
0,thompson,371,austen,7.00571346282959
0,thompson,371,fitzgerald,6.601813263363308
0,thompson,371,twain,6.09668509165446
0,thompson,371,non_oz_baum,5.488909363746643
0,thompson,371,non_oz_thompson,5.881553411483765
0,thompson,371,contested,4.708349108695984
0,thompson,372,train,3.946934849023819
0,thompson,372,baum,5.331233263015747
0,thompson,372,thompson,4.311263859272003
0,thompson,372,dickens,6.490204890569051
0,thompson,372,melville,6.804733574390411
0,thompson,372,wells,6.623153527577718
0,thompson,372,austen,7.017467498779297
0,thompson,372,fitzgerald,6.597057660420735
0,thompson,372,twain,6.10083794593811
0,thompson,372,non_oz_baum,5.495419859886169
0,thompson,372,non_oz_thompson,5.865721940994263
0,thompson,372,contested,4.701878547668457
0,thompson,373,train,3.95303013920784
0,thompson,373,baum,5.333219408988953
0,thompson,373,thompson,4.326694250106812
0,thompson,373,dickens,6.500378251075745
0,thompson,373,melville,6.778121709823608
0,thompson,373,wells,6.621249039967855
0,thompson,373,austen,6.991844892501831
0,thompson,373,fitzgerald,6.594363583458795
0,thompson,373,twain,6.086887836456299
0,thompson,373,non_oz_baum,5.493640542030335
0,thompson,373,non_oz_thompson,5.885162353515625
0,thompson,373,contested,4.7101476192474365
0,thompson,374,train,3.94147264957428
0,thompson,374,baum,5.333595871925354
0,thompson,374,thompson,4.311993718147278
0,thompson,374,dickens,6.4965139627456665
0,thompson,374,melville,6.807157754898071
0,thompson,374,wells,6.626396020253499
0,thompson,374,austen,7.03318977355957
0,thompson,374,fitzgerald,6.613458262549506
0,thompson,374,twain,6.107240915298462
0,thompson,374,non_oz_baum,5.497212529182434
0,thompson,374,non_oz_thompson,5.875554323196411
0,thompson,374,contested,4.709155201911926
0,thompson,375,train,3.9424700240294137
0,thompson,375,baum,5.318521857261658
0,thompson,375,thompson,4.312582671642304
0,thompson,375,dickens,6.497924566268921
0,thompson,375,melville,6.79764860868454
0,thompson,375,wells,6.626447836558024
0,thompson,375,austen,7.040381669998169
0,thompson,375,fitzgerald,6.599833170572917
0,thompson,375,twain,6.095314820607503
0,thompson,375,non_oz_baum,5.486104846000671
0,thompson,375,non_oz_thompson,5.871538877487183
0,thompson,375,contested,4.703934550285339
0,thompson,376,train,3.930393934249878
0,thompson,376,baum,5.318791151046753
0,thompson,376,thompson,4.315258979797363
0,thompson,376,dickens,6.485902309417725
0,thompson,376,melville,6.7769695520401
0,thompson,376,wells,6.609745661417644
0,thompson,376,austen,6.994948148727417
0,thompson,376,fitzgerald,6.566143194834392
0,thompson,376,twain,6.085046450297038
0,thompson,376,non_oz_baum,5.485765099525452
0,thompson,376,non_oz_thompson,5.859561920166016
0,thompson,376,contested,4.69481635093689
0,thompson,377,train,3.925196985403697
0,thompson,377,baum,5.325347185134888
0,thompson,377,thompson,4.3218143582344055
0,thompson,377,dickens,6.494527816772461
0,thompson,377,melville,6.775720715522766
0,thompson,377,wells,6.630259831746419
0,thompson,377,austen,7.030336618423462
0,thompson,377,fitzgerald,6.565888086954753
0,thompson,377,twain,6.08203919728597
0,thompson,377,non_oz_baum,5.490910649299622
0,thompson,377,non_oz_thompson,5.8755598068237305
0,thompson,377,contested,4.7039103507995605
0,thompson,378,train,3.9185425440470376
0,thompson,378,baum,5.342005729675293
0,thompson,378,thompson,4.301444709300995
0,thompson,378,dickens,6.489588340123494
0,thompson,378,melville,6.813813626766205
0,thompson,378,wells,6.610156853993733
0,thompson,378,austen,7.015627145767212
0,thompson,378,fitzgerald,6.620582262674968
0,thompson,378,twain,6.109324057896932
0,thompson,378,non_oz_baum,5.4987757205963135
0,thompson,378,non_oz_thompson,5.871079444885254
0,thompson,378,contested,4.707113742828369
0,thompson,379,train,3.90922749042511
0,thompson,379,baum,5.33373236656189
0,thompson,379,thompson,4.315468192100525
0,thompson,379,dickens,6.508745431900024
0,thompson,379,melville,6.807421445846558
0,thompson,379,wells,6.630533536275228
0,thompson,379,austen,7.0421411991119385
0,thompson,379,fitzgerald,6.598056581285265
0,thompson,379,twain,6.098544518152873
0,thompson,379,non_oz_baum,5.491654396057129
0,thompson,379,non_oz_thompson,5.878849744796753
0,thompson,379,contested,4.701866388320923
0,thompson,380,train,3.909834166367849
0,thompson,380,baum,5.327324867248535
0,thompson,380,thompson,4.296891152858734
0,thompson,380,dickens,6.497472365697225
0,thompson,380,melville,6.818536281585693
0,thompson,380,wells,6.629687627156575
0,thompson,380,austen,7.028980255126953
0,thompson,380,fitzgerald,6.629735522800022
0,thompson,380,twain,6.118526538213094
0,thompson,380,non_oz_baum,5.504385232925415
0,thompson,380,non_oz_thompson,5.869203805923462
0,thompson,380,contested,4.708670616149902
0,thompson,381,train,3.917692561944326
0,thompson,381,baum,5.357914209365845
0,thompson,381,thompson,4.325005233287811
0,thompson,381,dickens,6.54252044359843
0,thompson,381,melville,6.826744437217712
0,thompson,381,wells,6.676965872446696
0,thompson,381,austen,7.046097278594971
0,thompson,381,fitzgerald,6.645025995042589
0,thompson,381,twain,6.126919746398926
0,thompson,381,non_oz_baum,5.51536500453949
0,thompson,381,non_oz_thompson,5.908568620681763
0,thompson,381,contested,4.729030847549439
0,thompson,382,train,3.921384920676549
0,thompson,382,baum,5.359237790107727
0,thompson,382,thompson,4.307459473609924
0,thompson,382,dickens,6.535531441370647
0,thompson,382,melville,6.828316032886505
0,thompson,382,wells,6.662855466206868
0,thompson,382,austen,7.026138544082642
0,thompson,382,fitzgerald,6.663065804375543
0,thompson,382,twain,6.12435523668925
0,thompson,382,non_oz_baum,5.513636350631714
0,thompson,382,non_oz_thompson,5.891878128051758
0,thompson,382,contested,4.716615200042725
0,thompson,383,train,3.913069824377696
0,thompson,383,baum,5.3412792682647705
0,thompson,383,thompson,4.319505453109741
0,thompson,383,dickens,6.527785261472066
0,thompson,383,melville,6.816543817520142
0,thompson,383,wells,6.661469300587972
0,thompson,383,austen,7.052485704421997
0,thompson,383,fitzgerald,6.629742092556423
0,thompson,383,twain,6.110981384913127
0,thompson,383,non_oz_baum,5.50903594493866
0,thompson,383,non_oz_thompson,5.899279356002808
0,thompson,383,contested,4.716041564941406
0,thompson,384,train,3.9105363190174094
0,thompson,384,baum,5.332532048225403
0,thompson,384,thompson,4.300646126270294
0,thompson,384,dickens,6.507076859474182
0,thompson,384,melville,6.80863881111145
0,thompson,384,wells,6.639047145843506
0,thompson,384,austen,7.041614770889282
0,thompson,384,fitzgerald,6.600653966267903
0,thompson,384,twain,6.104135910669963
0,thompson,384,non_oz_baum,5.497891426086426
0,thompson,384,non_oz_thompson,5.882845401763916
0,thompson,384,contested,4.699364542961121
0,thompson,385,train,3.9038027922312417
0,thompson,385,baum,5.334174156188965
0,thompson,385,thompson,4.290129899978638
0,thompson,385,dickens,6.518023490905762
0,thompson,385,melville,6.828945994377136
0,thompson,385,wells,6.639798482259114
0,thompson,385,austen,7.0226991176605225
0,thompson,385,fitzgerald,6.644246578216553
0,thompson,385,twain,6.117808898289998
0,thompson,385,non_oz_baum,5.511550426483154
0,thompson,385,non_oz_thompson,5.881945610046387
0,thompson,385,contested,4.713144063949585
0,thompson,386,train,3.907733211914698
0,thompson,386,baum,5.327544569969177
0,thompson,386,thompson,4.284677624702454
0,thompson,386,dickens,6.502851327260335
0,thompson,386,melville,6.843623995780945
0,thompson,386,wells,6.644931634267171
0,thompson,386,austen,7.0491697788238525
0,thompson,386,fitzgerald,6.630860964457194
0,thompson,386,twain,6.118722677230835
0,thompson,386,non_oz_baum,5.506805419921875
0,thompson,386,non_oz_thompson,5.873907566070557
0,thompson,386,contested,4.707447528839111
0,thompson,387,train,3.921176274617513
0,thompson,387,baum,5.318531632423401
0,thompson,387,thompson,4.268014907836914
0,thompson,387,dickens,6.498355070749919
0,thompson,387,melville,6.845052182674408
0,thompson,387,wells,6.635288079579671
0,thompson,387,austen,7.0591442584991455
0,thompson,387,fitzgerald,6.625161012013753
0,thompson,387,twain,6.121500651041667
0,thompson,387,non_oz_baum,5.509208559989929
0,thompson,387,non_oz_thompson,5.863520383834839
0,thompson,387,contested,4.706079125404358
0,thompson,388,train,3.9099074800809226
0,thompson,388,baum,5.326519846916199
0,thompson,388,thompson,4.293392419815064
0,thompson,388,dickens,6.516447226206462
0,thompson,388,melville,6.824722707271576
0,thompson,388,wells,6.649223327636719
0,thompson,388,austen,7.066436052322388
0,thompson,388,fitzgerald,6.6120692359076605
0,thompson,388,twain,6.118045806884766
0,thompson,388,non_oz_baum,5.500323534011841
0,thompson,388,non_oz_thompson,5.879706144332886
0,thompson,388,contested,4.702121615409851
0,thompson,389,train,3.887929379940033
0,thompson,389,baum,5.337684154510498
0,thompson,389,thompson,4.280326187610626
0,thompson,389,dickens,6.536473870277405
0,thompson,389,melville,6.851420223712921
0,thompson,389,wells,6.6566464106241865
0,thompson,389,austen,7.048465967178345
0,thompson,389,fitzgerald,6.672422197129992
0,thompson,389,twain,6.138226429621379
0,thompson,389,non_oz_baum,5.517258167266846
0,thompson,389,non_oz_thompson,5.889676332473755
0,thompson,389,contested,4.715198397636414
0,thompson,390,train,3.885665744543076
0,thompson,390,baum,5.330334782600403
0,thompson,390,thompson,4.283379077911377
0,thompson,390,dickens,6.5084259907404585
0,thompson,390,melville,6.814398944377899
0,thompson,390,wells,6.635225454966228
0,thompson,390,austen,7.0495078563690186
0,thompson,390,fitzgerald,6.617763148413764
0,thompson,390,twain,6.1045026779174805
0,thompson,390,non_oz_baum,5.495421886444092
0,thompson,390,non_oz_thompson,5.870626926422119
0,thompson,390,contested,4.697819828987122
0,thompson,391,train,3.891065071026484
0,thompson,391,baum,5.3498148918151855
0,thompson,391,thompson,4.286457479000092
0,thompson,391,dickens,6.538696487744649
0,thompson,391,melville,6.830706417560577
0,thompson,391,wells,6.652544339497884
0,thompson,391,austen,7.039818048477173
0,thompson,391,fitzgerald,6.669303682115343
0,thompson,391,twain,6.133996884028117
0,thompson,391,non_oz_baum,5.51784348487854
0,thompson,391,non_oz_thompson,5.895162343978882
0,thompson,391,contested,4.717315196990967
0,thompson,392,train,3.8854645987351737
0,thompson,392,baum,5.33599054813385
0,thompson,392,thompson,4.2930121421813965
0,thompson,392,dickens,6.541580160458882
0,thompson,392,melville,6.843593716621399
0,thompson,392,wells,6.669613838195801
0,thompson,392,austen,7.058263778686523
0,thompson,392,fitzgerald,6.64584027396308
0,thompson,392,twain,6.1235865751902265
0,thompson,392,non_oz_baum,5.516932964324951
0,thompson,392,non_oz_thompson,5.897416591644287
0,thompson,392,contested,4.717988967895508
0,thompson,393,train,3.896085192759832
0,thompson,393,baum,5.357126235961914
0,thompson,393,thompson,4.289722502231598
0,thompson,393,dickens,6.544419964154561
0,thompson,393,melville,6.84873104095459
0,thompson,393,wells,6.669200420379639
0,thompson,393,austen,7.066932678222656
0,thompson,393,fitzgerald,6.650598737928602
0,thompson,393,twain,6.125854253768921
0,thompson,393,non_oz_baum,5.512953281402588
0,thompson,393,non_oz_thompson,5.8972487449646
0,thompson,393,contested,4.709755420684815
0,thompson,394,train,3.894553969303767
0,thompson,394,baum,5.357563138008118
0,thompson,394,thompson,4.287094831466675
0,thompson,394,dickens,6.548783540725708
0,thompson,394,melville,6.874205052852631
0,thompson,394,wells,6.66632080078125
0,thompson,394,austen,7.084646463394165
0,thompson,394,fitzgerald,6.671155293782552
0,thompson,394,twain,6.136934041976929
0,thompson,394,non_oz_baum,5.518854022026062
0,thompson,394,non_oz_thompson,5.89708685874939
0,thompson,394,contested,4.723936319351196
0,thompson,395,train,3.888056695461273
0,thompson,395,baum,5.34720766544342
0,thompson,395,thompson,4.28747946023941
0,thompson,395,dickens,6.547339042027791
0,thompson,395,melville,6.860458612442017
0,thompson,395,wells,6.67224105199178
0,thompson,395,austen,7.074643850326538
0,thompson,395,fitzgerald,6.6471123695373535
0,thompson,395,twain,6.137286027272542
0,thompson,395,non_oz_baum,5.523701310157776
0,thompson,395,non_oz_thompson,5.900838851928711
0,thompson,395,contested,4.725332498550415
0,thompson,396,train,3.895898669958114
0,thompson,396,baum,5.339103221893311
0,thompson,396,thompson,4.283909261226654
0,thompson,396,dickens,6.539080103238423
0,thompson,396,melville,6.852644920349121
0,thompson,396,wells,6.682885805765788
0,thompson,396,austen,7.076343536376953
0,thompson,396,fitzgerald,6.650291972690159
0,thompson,396,twain,6.1263149579366045
0,thompson,396,non_oz_baum,5.5123337507247925
0,thompson,396,non_oz_thompson,5.893163442611694
0,thompson,396,contested,4.713782429695129
0,thompson,397,train,3.885469933350881
0,thompson,397,baum,5.34310257434845
0,thompson,397,thompson,4.293190240859985
0,thompson,397,dickens,6.561468760172526
0,thompson,397,melville,6.858551263809204
0,thompson,397,wells,6.690560817718506
0,thompson,397,austen,7.0691237449646
0,thompson,397,fitzgerald,6.673794322543674
0,thompson,397,twain,6.139012813568115
0,thompson,397,non_oz_baum,5.518404603004456
0,thompson,397,non_oz_thompson,5.918635845184326
0,thompson,397,contested,4.723340630531311
0,thompson,398,train,3.869407266378402
0,thompson,398,baum,5.337006330490112
0,thompson,398,thompson,4.284913420677185
0,thompson,398,dickens,6.526296893755595
0,thompson,398,melville,6.827571928501129
0,thompson,398,wells,6.657564481099446
0,thompson,398,austen,7.054177284240723
0,thompson,398,fitzgerald,6.624973191155328
0,thompson,398,twain,6.108426411946614
0,thompson,398,non_oz_baum,5.499240159988403
0,thompson,398,non_oz_thompson,5.8985755443573
0,thompson,398,contested,4.707459449768066
0,thompson,399,train,3.876231551170349
0,thompson,399,baum,5.362090349197388
0,thompson,399,thompson,4.28931725025177
0,thompson,399,dickens,6.551106850306193
0,thompson,399,melville,6.85389631986618
0,thompson,399,wells,6.658735434214274
0,thompson,399,austen,7.046982765197754
0,thompson,399,fitzgerald,6.657723373836941
0,thompson,399,twain,6.131492773691813
0,thompson,399,non_oz_baum,5.516741871833801
0,thompson,399,non_oz_thompson,5.91670823097229
0,thompson,399,contested,4.725277304649353
0,thompson,400,train,3.875399927298228
0,thompson,400,baum,5.3623024225234985
0,thompson,400,thompson,4.275407016277313
0,thompson,400,dickens,6.558687130610148
0,thompson,400,melville,6.88397741317749
0,thompson,400,wells,6.686241785685222
0,thompson,400,austen,7.082885980606079
0,thompson,400,fitzgerald,6.678300698598226
0,thompson,400,twain,6.147421757380168
0,thompson,400,non_oz_baum,5.530850768089294
0,thompson,400,non_oz_thompson,5.907647371292114
0,thompson,400,contested,4.721733450889587
0,thompson,401,train,3.8726476033528647
0,thompson,401,baum,5.353757739067078
0,thompson,401,thompson,4.289568722248077
0,thompson,401,dickens,6.568219701449077
0,thompson,401,melville,6.844036161899567
0,thompson,401,wells,6.672357241312663
0,thompson,401,austen,7.05774712562561
0,thompson,401,fitzgerald,6.6640406184726295
0,thompson,401,twain,6.134102423985799
0,thompson,401,non_oz_baum,5.524112939834595
0,thompson,401,non_oz_thompson,5.919134855270386
0,thompson,401,contested,4.720492959022522
0,thompson,402,train,3.853472967942556
0,thompson,402,baum,5.348500967025757
0,thompson,402,thompson,4.279831826686859
0,thompson,402,dickens,6.5613863070805865
0,thompson,402,melville,6.860344886779785
0,thompson,402,wells,6.685440222422282
0,thompson,402,austen,7.088647603988648
0,thompson,402,fitzgerald,6.673304769727919
0,thompson,402,twain,6.138259331385295
0,thompson,402,non_oz_baum,5.5179208517074585
0,thompson,402,non_oz_thompson,5.912027835845947
0,thompson,402,contested,4.717173099517822
0,thompson,403,train,3.85697595278422
0,thompson,403,baum,5.354134917259216
0,thompson,403,thompson,4.276090621948242
0,thompson,403,dickens,6.54854428768158
0,thompson,403,melville,6.858768939971924
0,thompson,403,wells,6.672083377838135
0,thompson,403,austen,7.0847930908203125
0,thompson,403,fitzgerald,6.646985689798991
0,thompson,403,twain,6.130991141001384
0,thompson,403,non_oz_baum,5.510515570640564
0,thompson,403,non_oz_thompson,5.904086351394653
0,thompson,403,contested,4.705424666404724
0,thompson,404,train,3.8703029652436576
0,thompson,404,baum,5.356909155845642
0,thompson,404,thompson,4.263473689556122
0,thompson,404,dickens,6.556558926900228
0,thompson,404,melville,6.905570030212402
0,thompson,404,wells,6.688082377115886
0,thompson,404,austen,7.140774965286255
0,thompson,404,fitzgerald,6.687508742014567
0,thompson,404,twain,6.151278654734294
0,thompson,404,non_oz_baum,5.525896072387695
0,thompson,404,non_oz_thompson,5.904736042022705
0,thompson,404,contested,4.723335266113281
0,thompson,405,train,3.869496703147888
0,thompson,405,baum,5.364200711250305
0,thompson,405,thompson,4.276155352592468
0,thompson,405,dickens,6.572815457979838
0,thompson,405,melville,6.893522381782532
0,thompson,405,wells,6.690859317779541
0,thompson,405,austen,7.083750247955322
0,thompson,405,fitzgerald,6.7069198290507
0,thompson,405,twain,6.166460355122884
0,thompson,405,non_oz_baum,5.54957115650177
0,thompson,405,non_oz_thompson,5.929927587509155
0,thompson,405,contested,4.738171577453613
0,thompson,406,train,3.863282879193624
0,thompson,406,baum,5.3342039585113525
0,thompson,406,thompson,4.274921357631683
0,thompson,406,dickens,6.551736950874329
0,thompson,406,melville,6.852802634239197
0,thompson,406,wells,6.677915891011556
0,thompson,406,austen,7.074885129928589
0,thompson,406,fitzgerald,6.670751465691461
0,thompson,406,twain,6.138870477676392
0,thompson,406,non_oz_baum,5.524980068206787
0,thompson,406,non_oz_thompson,5.915154695510864
0,thompson,406,contested,4.719240427017212
0,thompson,407,train,3.8704055150349936
0,thompson,407,baum,5.354018926620483
0,thompson,407,thompson,4.276885092258453
0,thompson,407,dickens,6.561015566190084
0,thompson,407,melville,6.866243481636047
0,thompson,407,wells,6.682463010152181
0,thompson,407,austen,7.068154573440552
0,thompson,407,fitzgerald,6.671572102440728
0,thompson,407,twain,6.143978834152222
0,thompson,407,non_oz_baum,5.521089553833008
0,thompson,407,non_oz_thompson,5.912355899810791
0,thompson,407,contested,4.723703980445862
0,thompson,408,train,3.857564141352972
0,thompson,408,baum,5.337971806526184
0,thompson,408,thompson,4.244654834270477
0,thompson,408,dickens,6.535765965779622
0,thompson,408,melville,6.884266495704651
0,thompson,408,wells,6.658370018005371
0,thompson,408,austen,7.075902700424194
0,thompson,408,fitzgerald,6.669811089833577
0,thompson,408,twain,6.144121567408244
0,thompson,408,non_oz_baum,5.5196791887283325
0,thompson,408,non_oz_thompson,5.889695167541504
0,thompson,408,contested,4.711889386177063
0,thompson,409,train,3.842434674501419
0,thompson,409,baum,5.341897368431091
0,thompson,409,thompson,4.287423670291901
0,thompson,409,dickens,6.592219233512878
0,thompson,409,melville,6.871583521366119
0,thompson,409,wells,6.702825546264648
0,thompson,409,austen,7.119054555892944
0,thompson,409,fitzgerald,6.694482485453288
0,thompson,409,twain,6.145253499348958
0,thompson,409,non_oz_baum,5.525516390800476
0,thompson,409,non_oz_thompson,5.937270641326904
0,thompson,409,contested,4.730895757675171
0,thompson,410,train,3.849928249915441
0,thompson,410,baum,5.344823598861694
0,thompson,410,thompson,4.257735192775726
0,thompson,410,dickens,6.556431969006856
0,thompson,410,melville,6.901723384857178
0,thompson,410,wells,6.686762650807698
0,thompson,410,austen,7.1204917430877686
0,thompson,410,fitzgerald,6.674607912699382
0,thompson,410,twain,6.146589279174805
0,thompson,410,non_oz_baum,5.526196360588074
0,thompson,410,non_oz_thompson,5.904260158538818
0,thompson,410,contested,4.723518013954163
0,thompson,411,train,3.836573878924052
0,thompson,411,baum,5.347008228302002
0,thompson,411,thompson,4.24943870306015
0,thompson,411,dickens,6.544439196586609
0,thompson,411,melville,6.882910311222076
0,thompson,411,wells,6.679447491963704
0,thompson,411,austen,7.104044675827026
0,thompson,411,fitzgerald,6.663503222995335
0,thompson,411,twain,6.145904779434204
0,thompson,411,non_oz_baum,5.522755742073059
0,thompson,411,non_oz_thompson,5.896100997924805
0,thompson,411,contested,4.715343952178955
0,thompson,412,train,3.853925943374634
0,thompson,412,baum,5.360369324684143
0,thompson,412,thompson,4.268719375133514
0,thompson,412,dickens,6.569242477416992
0,thompson,412,melville,6.901289284229279
0,thompson,412,wells,6.69244925181071
0,thompson,412,austen,7.117297172546387
0,thompson,412,fitzgerald,6.678878731197781
0,thompson,412,twain,6.150474309921265
0,thompson,412,non_oz_baum,5.536791682243347
0,thompson,412,non_oz_thompson,5.925512313842773
0,thompson,412,contested,4.73299515247345
0,thompson,413,train,3.8425700068473816
0,thompson,413,baum,5.371518135070801
0,thompson,413,thompson,4.258170425891876
0,thompson,413,dickens,6.581339160601298
0,thompson,413,melville,6.9105284214019775
0,thompson,413,wells,6.687649567921956
0,thompson,413,austen,7.103045225143433
0,thompson,413,fitzgerald,6.738064712948269
0,thompson,413,twain,6.171408494313558
0,thompson,413,non_oz_baum,5.549842834472656
0,thompson,413,non_oz_thompson,5.924391031265259
0,thompson,413,contested,4.738707184791565
0,thompson,414,train,3.8264744579792014
0,thompson,414,baum,5.375175833702087
0,thompson,414,thompson,4.269780695438385
0,thompson,414,dickens,6.589354038238525
0,thompson,414,melville,6.911325931549072
0,thompson,414,wells,6.694106578826904
0,thompson,414,austen,7.121327877044678
0,thompson,414,fitzgerald,6.706962850358751
0,thompson,414,twain,6.16721789042155
0,thompson,414,non_oz_baum,5.538533687591553
0,thompson,414,non_oz_thompson,5.927694320678711
0,thompson,414,contested,4.733896851539612
0,thompson,415,train,3.843645324309667
0,thompson,415,baum,5.373138189315796
0,thompson,415,thompson,4.264108955860138
0,thompson,415,dickens,6.604546109835307
0,thompson,415,melville,6.933293998241425
0,thompson,415,wells,6.698909123738607
0,thompson,415,austen,7.134261846542358
0,thompson,415,fitzgerald,6.737157450781928
0,thompson,415,twain,6.17448631922404
0,thompson,415,non_oz_baum,5.54720664024353
0,thompson,415,non_oz_thompson,5.9296956062316895
0,thompson,415,contested,4.74700403213501
0,thompson,416,train,3.830544650554657
0,thompson,416,baum,5.367938756942749
0,thompson,416,thompson,4.263783991336823
0,thompson,416,dickens,6.626467665036519
0,thompson,416,melville,6.958044528961182
0,thompson,416,wells,6.731802940368652
0,thompson,416,austen,7.13961124420166
0,thompson,416,fitzgerald,6.785113387637669
0,thompson,416,twain,6.19741686185201
0,thompson,416,non_oz_baum,5.562201499938965
0,thompson,416,non_oz_thompson,5.950371026992798
0,thompson,416,contested,4.746591806411743
0,thompson,417,train,3.837222754955292
0,thompson,417,baum,5.370456695556641
0,thompson,417,thompson,4.254009008407593
0,thompson,417,dickens,6.605854590733846
0,thompson,417,melville,6.940885901451111
0,thompson,417,wells,6.714441458384196
0,thompson,417,austen,7.139090538024902
0,thompson,417,fitzgerald,6.762442111968994
0,thompson,417,twain,6.192281007766724
0,thompson,417,non_oz_baum,5.561949729919434
0,thompson,417,non_oz_thompson,5.943965673446655
0,thompson,417,contested,4.744669079780579
0,thompson,418,train,3.841676582892736
0,thompson,418,baum,5.362901210784912
0,thompson,418,thompson,4.256332218647003
0,thompson,418,dickens,6.588371674219768
0,thompson,418,melville,6.920126020908356
0,thompson,418,wells,6.704161485036214
0,thompson,418,austen,7.133339166641235
0,thompson,418,fitzgerald,6.698538250393337
0,thompson,418,twain,6.159168879191081
0,thompson,418,non_oz_baum,5.530819058418274
0,thompson,418,non_oz_thompson,5.92172384262085
0,thompson,418,contested,4.720580220222473
0,thompson,419,train,3.830109437306722
0,thompson,419,baum,5.355701804161072
0,thompson,419,thompson,4.258500576019287
0,thompson,419,dickens,6.597230037053426
0,thompson,419,melville,6.910716414451599
0,thompson,419,wells,6.699723561604817
0,thompson,419,austen,7.113603830337524
0,thompson,419,fitzgerald,6.720781697167291
0,thompson,419,twain,6.1662107308705645
0,thompson,419,non_oz_baum,5.545722603797913
0,thompson,419,non_oz_thompson,5.931174755096436
0,thompson,419,contested,4.7288806438446045
0,thompson,420,train,3.827544728914897
0,thompson,420,baum,5.376755118370056
0,thompson,420,thompson,4.268596053123474
0,thompson,420,dickens,6.618221203486125
0,thompson,420,melville,6.930702149868012
0,thompson,420,wells,6.734334945678711
0,thompson,420,austen,7.139320611953735
0,thompson,420,fitzgerald,6.72950718137953
0,thompson,420,twain,6.1768434047698975
0,thompson,420,non_oz_baum,5.55332624912262
0,thompson,420,non_oz_thompson,5.951742887496948
0,thompson,420,contested,4.750229835510254
0,thompson,421,train,3.8289872308572135
0,thompson,421,baum,5.401975274085999
0,thompson,421,thompson,4.286876797676086
0,thompson,421,dickens,6.6707496245702105
0,thompson,421,melville,6.949069380760193
0,thompson,421,wells,6.761301199595134
0,thompson,421,austen,7.159168481826782
0,thompson,421,fitzgerald,6.788506348927816
0,thompson,421,twain,6.196546316146851
0,thompson,421,non_oz_baum,5.571750640869141
0,thompson,421,non_oz_thompson,5.981969118118286
0,thompson,421,contested,4.770878076553345
0,thompson,422,train,3.837654024362564
0,thompson,422,baum,5.374360918998718
0,thompson,422,thompson,4.25220787525177
0,thompson,422,dickens,6.618455529212952
0,thompson,422,melville,6.957250952720642
0,thompson,422,wells,6.720390796661377
0,thompson,422,austen,7.153681993484497
0,thompson,422,fitzgerald,6.729303571912977
0,thompson,422,twain,6.190722386042277
0,thompson,422,non_oz_baum,5.549517273902893
0,thompson,422,non_oz_thompson,5.938506364822388
0,thompson,422,contested,4.7372807264328
0,thompson,423,train,3.817497124274572
0,thompson,423,baum,5.362388014793396
0,thompson,423,thompson,4.245363831520081
0,thompson,423,dickens,6.604541023572286
0,thompson,423,melville,6.933417320251465
0,thompson,423,wells,6.712451775868733
0,thompson,423,austen,7.133049726486206
0,thompson,423,fitzgerald,6.735421975453694
0,thompson,423,twain,6.18234380086263
0,thompson,423,non_oz_baum,5.555892586708069
0,thompson,423,non_oz_thompson,5.927246570587158
0,thompson,423,contested,4.738191843032837
0,thompson,424,train,3.81909121076266
0,thompson,424,baum,5.36633026599884
0,thompson,424,thompson,4.253978073596954
0,thompson,424,dickens,6.621293743451436
0,thompson,424,melville,6.935612857341766
0,thompson,424,wells,6.727455933888753
0,thompson,424,austen,7.135197877883911
0,thompson,424,fitzgerald,6.77047676510281
0,thompson,424,twain,6.195712725321452
0,thompson,424,non_oz_baum,5.559870481491089
0,thompson,424,non_oz_thompson,5.947763919830322
0,thompson,424,contested,4.750202298164368
0,thompson,425,train,3.8128844996293374
0,thompson,425,baum,5.394043326377869
0,thompson,425,thompson,4.255206227302551
0,thompson,425,dickens,6.63438896338145
0,thompson,425,melville,6.944575309753418
0,thompson,425,wells,6.733019669850667
0,thompson,425,austen,7.135686635971069
0,thompson,425,fitzgerald,6.772034380171034
0,thompson,425,twain,6.19900107383728
0,thompson,425,non_oz_baum,5.5702996253967285
0,thompson,425,non_oz_thompson,5.958121538162232
0,thompson,425,contested,4.759330630302429
0,thompson,426,train,3.803977568944296
0,thompson,426,baum,5.374077081680298
0,thompson,426,thompson,4.254103600978851
0,thompson,426,dickens,6.630675832430522
0,thompson,426,melville,6.971879720687866
0,thompson,426,wells,6.761622905731201
0,thompson,426,austen,7.226704359054565
0,thompson,426,fitzgerald,6.738164054022895
0,thompson,426,twain,6.188527425130208
0,thompson,426,non_oz_baum,5.553555130958557
0,thompson,426,non_oz_thompson,5.946019649505615
0,thompson,426,contested,4.731373190879822
0,thompson,427,train,3.809759418169657
0,thompson,427,baum,5.379968166351318
0,thompson,427,thompson,4.260269820690155
0,thompson,427,dickens,6.641164223353068
0,thompson,427,melville,6.9436936378479
0,thompson,427,wells,6.738133589426677
0,thompson,427,austen,7.163198471069336
0,thompson,427,fitzgerald,6.765344513787164
0,thompson,427,twain,6.186872323354085
0,thompson,427,non_oz_baum,5.553821682929993
0,thompson,427,non_oz_thompson,5.957022190093994
0,thompson,427,contested,4.7570353746414185
0,thompson,428,train,3.815739125013352
0,thompson,428,baum,5.362055063247681
0,thompson,428,thompson,4.267580211162567
0,thompson,428,dickens,6.636015733083089
0,thompson,428,melville,6.944166719913483
0,thompson,428,wells,6.746768633524577
0,thompson,428,austen,7.182504892349243
0,thompson,428,fitzgerald,6.759039296044244
0,thompson,428,twain,6.175932963689168
0,thompson,428,non_oz_baum,5.5496543645858765
0,thompson,428,non_oz_thompson,5.96260142326355
0,thompson,428,contested,4.749179124832153
0,thompson,429,train,3.802318771680196
0,thompson,429,baum,5.365338444709778
0,thompson,429,thompson,4.234904944896698
0,thompson,429,dickens,6.616816242535909
0,thompson,429,melville,6.94148451089859
0,thompson,429,wells,6.704607645670573
0,thompson,429,austen,7.147148370742798
0,thompson,429,fitzgerald,6.757291264004177
0,thompson,429,twain,6.181210041046143
0,thompson,429,non_oz_baum,5.547571659088135
0,thompson,429,non_oz_thompson,5.929686546325684
0,thompson,429,contested,4.737349152565002
0,thompson,430,train,3.808183660109838
0,thompson,430,baum,5.373287677764893
0,thompson,430,thompson,4.2632845640182495
0,thompson,430,dickens,6.628915627797444
0,thompson,430,melville,6.92390114068985
0,thompson,430,wells,6.738445281982422
0,thompson,430,austen,7.164606809616089
0,thompson,430,fitzgerald,6.731551382276747
0,thompson,430,twain,6.171791712443034
0,thompson,430,non_oz_baum,5.547075152397156
0,thompson,430,non_oz_thompson,5.942715883255005
0,thompson,430,contested,4.739284992218018
0,thompson,431,train,3.7851625184218087
0,thompson,431,baum,5.385837912559509
0,thompson,431,thompson,4.258524656295776
0,thompson,431,dickens,6.631913185119629
0,thompson,431,melville,6.960476279258728
0,thompson,431,wells,6.743123849232991
0,thompson,431,austen,7.169185161590576
0,thompson,431,fitzgerald,6.745928764343262
0,thompson,431,twain,6.189586400985718
0,thompson,431,non_oz_baum,5.552745699882507
0,thompson,431,non_oz_thompson,5.949107646942139
0,thompson,431,contested,4.744418382644653
0,thompson,432,train,3.79733979701996
0,thompson,432,baum,5.372926235198975
0,thompson,432,thompson,4.243890762329102
0,thompson,432,dickens,6.634279092152913
0,thompson,432,melville,6.939914286136627
0,thompson,432,wells,6.738029321034749
0,thompson,432,austen,7.137225151062012
0,thompson,432,fitzgerald,6.771571265326606
0,thompson,432,twain,6.191595554351807
0,thompson,432,non_oz_baum,5.556932210922241
0,thompson,432,non_oz_thompson,5.949055671691895
0,thompson,432,contested,4.739818096160889
0,thompson,433,train,3.792845418055853
0,thompson,433,baum,5.371057152748108
0,thompson,433,thompson,4.272235155105591
0,thompson,433,dickens,6.642128666241963
0,thompson,433,melville,6.924341082572937
0,thompson,433,wells,6.749587217966716
0,thompson,433,austen,7.149160861968994
0,thompson,433,fitzgerald,6.718375258975559
0,thompson,433,twain,6.160802125930786
0,thompson,433,non_oz_baum,5.552147150039673
0,thompson,433,non_oz_thompson,5.963581085205078
0,thompson,433,contested,4.736367583274841
0,thompson,434,train,3.804296910762787
0,thompson,434,baum,5.372100114822388
0,thompson,434,thompson,4.243715822696686
0,thompson,434,dickens,6.625919500986735
0,thompson,434,melville,6.95743328332901
0,thompson,434,wells,6.732638518015544
0,thompson,434,austen,7.145164251327515
0,thompson,434,fitzgerald,6.756646262274848
0,thompson,434,twain,6.194797118504842
0,thompson,434,non_oz_baum,5.557740926742554
0,thompson,434,non_oz_thompson,5.945223093032837
0,thompson,434,contested,4.739531397819519
0,thompson,435,train,3.793230007092158
0,thompson,435,baum,5.376736521720886
0,thompson,435,thompson,4.234169125556946
0,thompson,435,dickens,6.629207849502564
0,thompson,435,melville,6.954044342041016
0,thompson,435,wells,6.748036702473958
0,thompson,435,austen,7.152917385101318
0,thompson,435,fitzgerald,6.791366312238905
0,thompson,435,twain,6.202230374018352
0,thompson,435,non_oz_baum,5.562008380889893
0,thompson,435,non_oz_thompson,5.94834566116333
0,thompson,435,contested,4.740993499755859
0,thompson,436,train,3.8049573401610055
0,thompson,436,baum,5.371933579444885
0,thompson,436,thompson,4.222533404827118
0,thompson,436,dickens,6.608917355537415
0,thompson,436,melville,6.987846195697784
0,thompson,436,wells,6.715983708699544
0,thompson,436,austen,7.16327691078186
0,thompson,436,fitzgerald,6.7986159854465065
0,thompson,436,twain,6.216331958770752
0,thompson,436,non_oz_baum,5.564636707305908
0,thompson,436,non_oz_thompson,5.943665504455566
0,thompson,436,contested,4.7432509660720825
0,thompson,437,train,3.798327873150508
0,thompson,437,baum,5.349357008934021
0,thompson,437,thompson,4.22247451543808
0,thompson,437,dickens,6.597048401832581
0,thompson,437,melville,6.942198932170868
0,thompson,437,wells,6.722351868947347
0,thompson,437,austen,7.149961948394775
0,thompson,437,fitzgerald,6.720648712582058
0,thompson,437,twain,6.178316434224446
0,thompson,437,non_oz_baum,5.534756660461426
0,thompson,437,non_oz_thompson,5.920491695404053
0,thompson,437,contested,4.712182641029358
0,thompson,438,train,3.775875359773636
0,thompson,438,baum,5.366825342178345
0,thompson,438,thompson,4.238799571990967
0,thompson,438,dickens,6.620763699213664
0,thompson,438,melville,6.919447243213654
0,thompson,438,wells,6.725566864013672
0,thompson,438,austen,7.107537508010864
0,thompson,438,fitzgerald,6.7476845317416725
0,thompson,438,twain,6.1837077140808105
0,thompson,438,non_oz_baum,5.548343658447266
0,thompson,438,non_oz_thompson,5.945806503295898
0,thompson,438,contested,4.734748601913452
0,thompson,439,train,3.783768574396769
0,thompson,439,baum,5.365430235862732
0,thompson,439,thompson,4.233763098716736
0,thompson,439,dickens,6.628397583961487
0,thompson,439,melville,6.9648677110672
0,thompson,439,wells,6.740667502085368
0,thompson,439,austen,7.166427850723267
0,thompson,439,fitzgerald,6.737049314710829
0,thompson,439,twain,6.179773569107056
0,thompson,439,non_oz_baum,5.5478068590164185
0,thompson,439,non_oz_thompson,5.941374063491821
0,thompson,439,contested,4.736235022544861
0,thompson,440,train,3.770868718624115
0,thompson,440,baum,5.360727548599243
0,thompson,440,thompson,4.223312318325043
0,thompson,440,dickens,6.625089764595032
0,thompson,440,melville,6.96995210647583
0,thompson,440,wells,6.727781136830648
0,thompson,440,austen,7.159281492233276
0,thompson,440,fitzgerald,6.753669526841906
0,thompson,440,twain,6.1877734661102295
0,thompson,440,non_oz_baum,5.556750655174255
0,thompson,440,non_oz_thompson,5.941586256027222
0,thompson,440,contested,4.739443421363831
0,thompson,441,train,3.771522144476573
0,thompson,441,baum,5.357954621315002
0,thompson,441,thompson,4.224795162677765
0,thompson,441,dickens,6.622026801109314
0,thompson,441,melville,6.935965836048126
0,thompson,441,wells,6.715985139211019
0,thompson,441,austen,7.133056163787842
0,thompson,441,fitzgerald,6.759222931332058
0,thompson,441,twain,6.1894229253133135
0,thompson,441,non_oz_baum,5.551805377006531
0,thompson,441,non_oz_thompson,5.945106029510498
0,thompson,441,contested,4.7330931425094604
0,thompson,442,train,3.76651069521904
0,thompson,442,baum,5.364083051681519
0,thompson,442,thompson,4.2156291007995605
0,thompson,442,dickens,6.602039098739624
0,thompson,442,melville,6.943989157676697
0,thompson,442,wells,6.720775286356608
0,thompson,442,austen,7.15211820602417
0,thompson,442,fitzgerald,6.742644574907091
0,thompson,442,twain,6.178243319193522
0,thompson,442,non_oz_baum,5.552115082740784
0,thompson,442,non_oz_thompson,5.927197694778442
0,thompson,442,contested,4.725927829742432
0,thompson,443,train,3.770204166571299
0,thompson,443,baum,5.36773407459259
0,thompson,443,thompson,4.232645869255066
0,thompson,443,dickens,6.635807196299235
0,thompson,443,melville,6.972564399242401
0,thompson,443,wells,6.751208941141765
0,thompson,443,austen,7.193191289901733
0,thompson,443,fitzgerald,6.758859316507976
0,thompson,443,twain,6.1845676104227705
0,thompson,443,non_oz_baum,5.553979873657227
0,thompson,443,non_oz_thompson,5.954218626022339
0,thompson,443,contested,4.736163020133972
0,thompson,444,train,3.775769015153249
0,thompson,444,baum,5.378009796142578
0,thompson,444,thompson,4.235131740570068
0,thompson,444,dickens,6.63761035601298
0,thompson,444,melville,6.949276089668274
0,thompson,444,wells,6.748539129892985
0,thompson,444,austen,7.151975631713867
0,thompson,444,fitzgerald,6.759858343336317
0,thompson,444,twain,6.186006228129069
0,thompson,444,non_oz_baum,5.556381940841675
0,thompson,444,non_oz_thompson,5.958000421524048
0,thompson,444,contested,4.74160361289978
0,thompson,445,train,3.780550648768743
0,thompson,445,baum,5.38845956325531
0,thompson,445,thompson,4.235830307006836
0,thompson,445,dickens,6.655675172805786
0,thompson,445,melville,6.9907266497612
0,thompson,445,wells,6.768778800964356
0,thompson,445,austen,7.227277994155884
0,thompson,445,fitzgerald,6.786852995554606
0,thompson,445,twain,6.207273403803508
0,thompson,445,non_oz_baum,5.573697566986084
0,thompson,445,non_oz_thompson,5.9618821144104
0,thompson,445,contested,4.752951383590698
0,thompson,446,train,3.765825589497884
0,thompson,446,baum,5.381322622299194
0,thompson,446,thompson,4.231678068637848
0,thompson,446,dickens,6.662945667902629
0,thompson,446,melville,6.972504436969757
0,thompson,446,wells,6.765907923380534
0,thompson,446,austen,7.178757190704346
0,thompson,446,fitzgerald,6.792227215237087
0,thompson,446,twain,6.201211214065552
0,thompson,446,non_oz_baum,5.572323560714722
0,thompson,446,non_oz_thompson,5.96849250793457
0,thompson,446,contested,4.75656259059906
0,thompson,447,train,3.7885548075040174
0,thompson,447,baum,5.395866751670837
0,thompson,447,thompson,4.246759355068207
0,thompson,447,dickens,6.667317668596904
0,thompson,447,melville,6.977564752101898
0,thompson,447,wells,6.777849833170573
0,thompson,447,austen,7.173511266708374
0,thompson,447,fitzgerald,6.792522324456109
0,thompson,447,twain,6.202998797098796
0,thompson,447,non_oz_baum,5.5812530517578125
0,thompson,447,non_oz_thompson,5.98181939125061
0,thompson,447,contested,4.765330076217651
0,thompson,448,train,3.768535623947779
0,thompson,448,baum,5.387108206748962
0,thompson,448,thompson,4.231847047805786
0,thompson,448,dickens,6.679572224617004
0,thompson,448,melville,7.014667510986328
0,thompson,448,wells,6.786491870880127
0,thompson,448,austen,7.203382015228272
0,thompson,448,fitzgerald,6.83512020111084
0,thompson,448,twain,6.223655700683594
0,thompson,448,non_oz_baum,5.591756701469421
0,thompson,448,non_oz_thompson,5.988970518112183
0,thompson,448,contested,4.775593876838684
0,thompson,449,train,3.761193742354711
0,thompson,449,baum,5.412836670875549
0,thompson,449,thompson,4.252378821372986
0,thompson,449,dickens,6.720511714617412
0,thompson,449,melville,7.02498733997345
0,thompson,449,wells,6.800311883290608
0,thompson,449,austen,7.24146580696106
0,thompson,449,fitzgerald,6.841429233551025
0,thompson,449,twain,6.23114554087321
0,thompson,449,non_oz_baum,5.602562665939331
0,thompson,449,non_oz_thompson,6.004436254501343
0,thompson,449,contested,4.787219524383545
0,thompson,450,train,3.75697073340416
0,thompson,450,baum,5.385446906089783
0,thompson,450,thompson,4.243574440479279
0,thompson,450,dickens,6.671871503194173
0,thompson,450,melville,6.97498220205307
0,thompson,450,wells,6.771737575531006
0,thompson,450,austen,7.199615955352783
0,thompson,450,fitzgerald,6.780979103512234
0,thompson,450,twain,6.1927891572316485
0,thompson,450,non_oz_baum,5.569487690925598
0,thompson,450,non_oz_thompson,5.984823942184448
0,thompson,450,contested,4.753167510032654
0,thompson,451,train,3.7550371487935386
0,thompson,451,baum,5.376326560974121
0,thompson,451,thompson,4.237019896507263
0,thompson,451,dickens,6.668679078420003
0,thompson,451,melville,6.9904104471206665
0,thompson,451,wells,6.766498883565267
0,thompson,451,austen,7.198720455169678
0,thompson,451,fitzgerald,6.791075335608588
0,thompson,451,twain,6.209729671478272
0,thompson,451,non_oz_baum,5.574261426925659
0,thompson,451,non_oz_thompson,5.960464715957642
0,thompson,451,contested,4.749200224876404
0,thompson,452,train,3.75398243467013
0,thompson,452,baum,5.39493203163147
0,thompson,452,thompson,4.25235790014267
0,thompson,452,dickens,6.693990866343181
0,thompson,452,melville,6.97192120552063
0,thompson,452,wells,6.797843774159749
0,thompson,452,austen,7.166817665100098
0,thompson,452,fitzgerald,6.81266270743476
0,thompson,452,twain,6.216025988260905
0,thompson,452,non_oz_baum,5.587811350822449
0,thompson,452,non_oz_thompson,6.003367424011231
0,thompson,452,contested,4.767627716064453
0,thompson,453,train,3.76002104083697
0,thompson,453,baum,5.366607069969177
0,thompson,453,thompson,4.211374938488007
0,thompson,453,dickens,6.637701193491618
0,thompson,453,melville,7.001759886741638
0,thompson,453,wells,6.732663154602051
0,thompson,453,austen,7.2128517627716064
0,thompson,453,fitzgerald,6.784263028038873
0,thompson,453,twain,6.214969317118327
0,thompson,453,non_oz_baum,5.56760311126709
0,thompson,453,non_oz_thompson,5.951854705810547
0,thompson,453,contested,4.749142050743103
0,thompson,454,train,3.7607109049956
0,thompson,454,baum,5.375593423843384
0,thompson,454,thompson,4.202621519565582
0,thompson,454,dickens,6.657078425089519
0,thompson,454,melville,7.0102344155311584
0,thompson,454,wells,6.769196033477783
0,thompson,454,austen,7.190759658813477
0,thompson,454,fitzgerald,6.834046681722005
0,thompson,454,twain,6.236341238021851
0,thompson,454,non_oz_baum,5.589121699333191
0,thompson,454,non_oz_thompson,5.96642017364502
0,thompson,454,contested,4.765100479125977
0,thompson,455,train,3.752714922030767
0,thompson,455,baum,5.3917258977890015
0,thompson,455,thompson,4.227080762386322
0,thompson,455,dickens,6.683195352554321
0,thompson,455,melville,7.013437926769257
0,thompson,455,wells,6.770062446594238
0,thompson,455,austen,7.199738502502441
0,thompson,455,fitzgerald,6.816314803229438
0,thompson,455,twain,6.221073865890503
0,thompson,455,non_oz_baum,5.588255286216736
0,thompson,455,non_oz_thompson,5.982770442962647
0,thompson,455,contested,4.773567318916321
0,thompson,456,train,3.744841903448105
0,thompson,456,baum,5.394696950912476
0,thompson,456,thompson,4.227526009082794
0,thompson,456,dickens,6.685161312421163
0,thompson,456,melville,7.032060027122498
0,thompson,456,wells,6.785490353902181
0,thompson,456,austen,7.235853910446167
0,thompson,456,fitzgerald,6.833447032504612
0,thompson,456,twain,6.22783883412679
0,thompson,456,non_oz_baum,5.594525098800659
0,thompson,456,non_oz_thompson,5.99311089515686
0,thompson,456,contested,4.775455594062805
0,thompson,457,train,3.7454900244871774
0,thompson,457,baum,5.396322011947632
0,thompson,457,thompson,4.235833585262299
0,thompson,457,dickens,6.66925307114919
0,thompson,457,melville,6.988642871379852
0,thompson,457,wells,6.76963456471761
0,thompson,457,austen,7.206188917160034
0,thompson,457,fitzgerald,6.792247083452013
0,thompson,457,twain,6.203964471817017
0,thompson,457,non_oz_baum,5.579221606254578
0,thompson,457,non_oz_thompson,5.99034309387207
0,thompson,457,contested,4.766360521316528
0,thompson,458,train,3.741322269042333
0,thompson,458,baum,5.385462522506714
0,thompson,458,thompson,4.221976101398468
0,thompson,458,dickens,6.67413862546285
0,thompson,458,melville,7.007279217243195
0,thompson,458,wells,6.785179773966472
0,thompson,458,austen,7.22132134437561
0,thompson,458,fitzgerald,6.808675236172146
0,thompson,458,twain,6.2200272878011065
0,thompson,458,non_oz_baum,5.584460735321045
0,thompson,458,non_oz_thompson,5.977709054946899
0,thompson,458,contested,4.7491031885147095
0,thompson,459,train,3.734122544527054
0,thompson,459,baum,5.392415881156921
0,thompson,459,thompson,4.231041669845581
0,thompson,459,dickens,6.692624767621358
0,thompson,459,melville,7.008593440055847
0,thompson,459,wells,6.789408842722575
0,thompson,459,austen,7.243252038955688
0,thompson,459,fitzgerald,6.8174046940273705
0,thompson,459,twain,6.212438424428304
0,thompson,459,non_oz_baum,5.586363792419434
0,thompson,459,non_oz_thompson,6.001120567321777
0,thompson,459,contested,4.767093896865845
0,thompson,460,train,3.739895631869634
0,thompson,460,baum,5.394402027130127
0,thompson,460,thompson,4.226960599422455
0,thompson,460,dickens,6.687552452087402
0,thompson,460,melville,7.005480229854584
0,thompson,460,wells,6.791170914967855
0,thompson,460,austen,7.223958253860474
0,thompson,460,fitzgerald,6.819477081298828
0,thompson,460,twain,6.208013455073039
0,thompson,460,non_oz_baum,5.58263087272644
0,thompson,460,non_oz_thompson,5.993284225463867
0,thompson,460,contested,4.762725472450256
0,thompson,461,train,3.748894065618515
0,thompson,461,baum,5.383904457092285
0,thompson,461,thompson,4.218048632144928
0,thompson,461,dickens,6.684120734532674
0,thompson,461,melville,6.996360182762146
0,thompson,461,wells,6.774621486663818
0,thompson,461,austen,7.187965631484985
0,thompson,461,fitzgerald,6.822463883294
0,thompson,461,twain,6.21160888671875
0,thompson,461,non_oz_baum,5.582816123962402
0,thompson,461,non_oz_thompson,5.990842819213867
0,thompson,461,contested,4.753886699676514
0,thompson,462,train,3.722502718369166
0,thompson,462,baum,5.38091766834259
0,thompson,462,thompson,4.19833254814148
0,thompson,462,dickens,6.661689281463623
0,thompson,462,melville,7.027249455451965
0,thompson,462,wells,6.7799075444539385
0,thompson,462,austen,7.226527690887451
0,thompson,462,fitzgerald,6.821398893992106
0,thompson,462,twain,6.226401249567668
0,thompson,462,non_oz_baum,5.584385514259338
0,thompson,462,non_oz_thompson,5.974785804748535
0,thompson,462,contested,4.750450968742371
0,thompson,463,train,3.71914999683698
0,thompson,463,baum,5.391850471496582
0,thompson,463,thompson,4.229834198951721
0,thompson,463,dickens,6.695647438367208
0,thompson,463,melville,7.038088381290436
0,thompson,463,wells,6.835866610209147
0,thompson,463,austen,7.260403633117676
0,thompson,463,fitzgerald,6.795780658721924
0,thompson,463,twain,6.223598957061768
0,thompson,463,non_oz_baum,5.585407614707947
0,thompson,463,non_oz_thompson,5.998005628585815
0,thompson,463,contested,4.761692762374878
0,thompson,464,train,3.726225604613622
0,thompson,464,baum,5.415582776069641
0,thompson,464,thompson,4.235555112361908
0,thompson,464,dickens,6.720061858495076
0,thompson,464,melville,7.029940724372864
0,thompson,464,wells,6.813513278961182
0,thompson,464,austen,7.225884675979614
0,thompson,464,fitzgerald,6.8501505851745605
0,thompson,464,twain,6.232816139856975
0,thompson,464,non_oz_baum,5.609289407730103
0,thompson,464,non_oz_thompson,6.030145883560181
0,thompson,464,contested,4.793868780136108
0,thompson,465,train,3.71808597445488
0,thompson,465,baum,5.3803688287734985
0,thompson,465,thompson,4.200735211372376
0,thompson,465,dickens,6.6633360385894775
0,thompson,465,melville,7.026346445083618
0,thompson,465,wells,6.769325415293376
0,thompson,465,austen,7.215090751647949
0,thompson,465,fitzgerald,6.812567763858372
0,thompson,465,twain,6.221923907597859
0,thompson,465,non_oz_baum,5.594098329544067
0,thompson,465,non_oz_thompson,5.982044458389282
0,thompson,465,contested,4.762308478355408
0,thompson,466,train,3.7136204739411673
0,thompson,466,baum,5.404124975204468
0,thompson,466,thompson,4.201590418815613
0,thompson,466,dickens,6.669876376787822
0,thompson,466,melville,7.033114433288574
0,thompson,466,wells,6.782535235087077
0,thompson,466,austen,7.244041442871094
0,thompson,466,fitzgerald,6.817747963799371
0,thompson,466,twain,6.228887001673381
0,thompson,466,non_oz_baum,5.601664900779724
0,thompson,466,non_oz_thompson,5.9863197803497314
0,thompson,466,contested,4.779581069946289
0,thompson,467,train,3.7273897230625153
0,thompson,467,baum,5.39052677154541
0,thompson,467,thompson,4.204889595508575
0,thompson,467,dickens,6.685250480969747
0,thompson,467,melville,7.026178419589996
0,thompson,467,wells,6.787435372670491
0,thompson,467,austen,7.229667186737059
0,thompson,467,fitzgerald,6.844015280405681
0,thompson,467,twain,6.230638345082601
0,thompson,467,non_oz_baum,5.596242070198059
0,thompson,467,non_oz_thompson,5.988474845886231
0,thompson,467,contested,4.763405442237854
0,thompson,468,train,3.728979488213857
0,thompson,468,baum,5.393040537834168
0,thompson,468,thompson,4.214275896549225
0,thompson,468,dickens,6.695028265317281
0,thompson,468,melville,7.033899426460266
0,thompson,468,wells,6.790523370107015
0,thompson,468,austen,7.231894016265869
0,thompson,468,fitzgerald,6.823526435428196
0,thompson,468,twain,6.22439972559611
0,thompson,468,non_oz_baum,5.593920826911926
0,thompson,468,non_oz_thompson,5.9930524826049805
0,thompson,468,contested,4.760504245758057
0,thompson,469,train,3.7217741211255393
0,thompson,469,baum,5.399981379508972
0,thompson,469,thompson,4.232804954051971
0,thompson,469,dickens,6.694503863652547
0,thompson,469,melville,6.999131381511688
0,thompson,469,wells,6.805962085723877
0,thompson,469,austen,7.223601341247559
0,thompson,469,fitzgerald,6.80692810482449
0,thompson,469,twain,6.202526966730754
0,thompson,469,non_oz_baum,5.584765315055847
0,thompson,469,non_oz_thompson,6.004884719848633
0,thompson,469,contested,4.756137251853943
0,thompson,470,train,3.718776981035868
0,thompson,470,baum,5.408058762550354
0,thompson,470,thompson,4.210511147975922
0,thompson,470,dickens,6.691025416056315
0,thompson,470,melville,7.012056410312653
0,thompson,470,wells,6.789328575134277
0,thompson,470,austen,7.207201957702637
0,thompson,470,fitzgerald,6.8449488215976295
0,thompson,470,twain,6.230291763941447
0,thompson,470,non_oz_baum,5.606664299964905
0,thompson,470,non_oz_thompson,6.01291036605835
0,thompson,470,contested,4.792073965072632
0,thompson,471,train,3.6950891514619193
0,thompson,471,baum,5.412421107292175
0,thompson,471,thompson,4.2090983390808105
0,thompson,471,dickens,6.712439298629761
0,thompson,471,melville,7.070229709148407
0,thompson,471,wells,6.81258757909139
0,thompson,471,austen,7.263371229171753
0,thompson,471,fitzgerald,6.852771176232232
0,thompson,471,twain,6.249770323435466
0,thompson,471,non_oz_baum,5.61723256111145
0,thompson,471,non_oz_thompson,6.002221345901489
0,thompson,471,contested,4.7854554653167725
0,thompson,472,train,3.711030244827272
0,thompson,472,baum,5.425804257392883
0,thompson,472,thompson,4.2128074169158936
0,thompson,472,dickens,6.745686332384746
0,thompson,472,melville,7.072656989097595
0,thompson,472,wells,6.846086184183757
0,thompson,472,austen,7.250101566314697
0,thompson,472,fitzgerald,6.912425253126356
0,thompson,472,twain,6.275492827097575
0,thompson,472,non_oz_baum,5.640774965286255
0,thompson,472,non_oz_thompson,6.043320894241333
0,thompson,472,contested,4.804162621498108
0,thompson,473,train,3.7019335130850473
0,thompson,473,baum,5.39963161945343
0,thompson,473,thompson,4.191665709018707
0,thompson,473,dickens,6.696680068969727
0,thompson,473,melville,7.065176367759705
0,thompson,473,wells,6.796210289001465
0,thompson,473,austen,7.264171361923218
0,thompson,473,fitzgerald,6.84809594684177
0,thompson,473,twain,6.247886975606282
0,thompson,473,non_oz_baum,5.609941601753235
0,thompson,473,non_oz_thompson,5.992649793624878
0,thompson,473,contested,4.778022050857544
0,thompson,474,train,3.720016419887543
0,thompson,474,baum,5.39981746673584
0,thompson,474,thompson,4.19767963886261
0,thompson,474,dickens,6.703135093053182
0,thompson,474,melville,7.059330642223358
0,thompson,474,wells,6.804722150166829
0,thompson,474,austen,7.250977039337158
0,thompson,474,fitzgerald,6.8445347679985895
0,thompson,474,twain,6.2463133335113525
0,thompson,474,non_oz_baum,5.610365271568298
0,thompson,474,non_oz_thompson,5.995184898376465
0,thompson,474,contested,4.781233429908752
0,thompson,475,train,3.7125729819138846
0,thompson,475,baum,5.441794753074646
0,thompson,475,thompson,4.230113446712494
0,thompson,475,dickens,6.762190620104472
0,thompson,475,melville,7.081935822963715
0,thompson,475,wells,6.84759505589803
0,thompson,475,austen,7.28915548324585
0,thompson,475,fitzgerald,6.905989646911621
0,thompson,475,twain,6.273285468419393
0,thompson,475,non_oz_baum,5.646068334579468
0,thompson,475,non_oz_thompson,6.055634021759033
0,thompson,475,contested,4.8207666873931885
0,thompson,476,train,3.71492612361908
0,thompson,476,baum,5.407235622406006
0,thompson,476,thompson,4.229566156864166
0,thompson,476,dickens,6.728596766789754
0,thompson,476,melville,7.069862604141235
0,thompson,476,wells,6.844827969868978
0,thompson,476,austen,7.29299259185791
0,thompson,476,fitzgerald,6.855479346381293
0,thompson,476,twain,6.2465808391571045
0,thompson,476,non_oz_baum,5.610612273216248
0,thompson,476,non_oz_thompson,6.028450965881348
0,thompson,476,contested,4.786771655082703
0,thompson,477,train,3.701112737258276
0,thompson,477,baum,5.377627372741699
0,thompson,477,thompson,4.1889808177948
0,thompson,477,dickens,6.677944819132487
0,thompson,477,melville,7.061691403388977
0,thompson,477,wells,6.809958934783936
0,thompson,477,austen,7.27290153503418
0,thompson,477,fitzgerald,6.815547466278076
0,thompson,477,twain,6.23822546005249
0,thompson,477,non_oz_baum,5.590764760971069
0,thompson,477,non_oz_thompson,5.983648777008057
0,thompson,477,contested,4.748764514923096
0,thompson,478,train,3.7044289807478585
0,thompson,478,baum,5.413440704345703
0,thompson,478,thompson,4.2149897813797
0,thompson,478,dickens,6.732193152109782
0,thompson,478,melville,7.060216665267944
0,thompson,478,wells,6.841679732004802
0,thompson,478,austen,7.270318746566772
0,thompson,478,fitzgerald,6.875157780117458
0,thompson,478,twain,6.252605120340983
0,thompson,478,non_oz_baum,5.620050549507141
0,thompson,478,non_oz_thompson,6.016860485076904
0,thompson,478,contested,4.780284285545349
0,thompson,479,train,3.695305645465851
0,thompson,479,baum,5.431888222694397
0,thompson,479,thompson,4.19637531042099
0,thompson,479,dickens,6.726130326588948
0,thompson,479,melville,7.097187578678131
0,thompson,479,wells,6.838206609090169
0,thompson,479,austen,7.294125318527222
0,thompson,479,fitzgerald,6.871860716078016
0,thompson,479,twain,6.274207512537639
0,thompson,479,non_oz_baum,5.631071448326111
0,thompson,479,non_oz_thompson,6.019454956054688
0,thompson,479,contested,4.800946593284607
0,thompson,480,train,3.70758111278216
0,thompson,480,baum,5.408498048782349
0,thompson,480,thompson,4.206391334533691
0,thompson,480,dickens,6.717059969902039
0,thompson,480,melville,7.064683318138123
0,thompson,480,wells,6.820047060648601
0,thompson,480,austen,7.262629270553589
0,thompson,480,fitzgerald,6.857066472371419
0,thompson,480,twain,6.257060368855794
0,thompson,480,non_oz_baum,5.6050403118133545
0,thompson,480,non_oz_thompson,6.014108419418335
0,thompson,480,contested,4.780788660049439
0,thompson,481,train,3.6968523363272334
0,thompson,481,baum,5.420823454856873
0,thompson,481,thompson,4.213969886302948
0,thompson,481,dickens,6.752225240071614
0,thompson,481,melville,7.0845836997032166
0,thompson,481,wells,6.863978703816732
0,thompson,481,austen,7.308759212493896
0,thompson,481,fitzgerald,6.868171744876438
0,thompson,481,twain,6.262379328409831
0,thompson,481,non_oz_baum,5.621621131896973
0,thompson,481,non_oz_thompson,6.039472579956055
0,thompson,481,contested,4.800670504570007
0,thompson,482,train,3.684011171261469
0,thompson,482,baum,5.429149150848389
0,thompson,482,thompson,4.207742929458618
0,thompson,482,dickens,6.749503095944722
0,thompson,482,melville,7.058718204498291
0,thompson,482,wells,6.846094290415446
0,thompson,482,austen,7.273693084716797
0,thompson,482,fitzgerald,6.902634779612224
0,thompson,482,twain,6.271548430124919
0,thompson,482,non_oz_baum,5.641960978507996
0,thompson,482,non_oz_thompson,6.0517566204071045
0,thompson,482,contested,4.808977484703064
0,thompson,483,train,3.697506884733836
0,thompson,483,baum,5.409435153007507
0,thompson,483,thompson,4.19634622335434
0,thompson,483,dickens,6.727578043937683
0,thompson,483,melville,7.097268104553223
0,thompson,483,wells,6.842696030934651
0,thompson,483,austen,7.293978691101074
0,thompson,483,fitzgerald,6.878643830617269
0,thompson,483,twain,6.281524340311687
0,thompson,483,non_oz_baum,5.62560510635376
0,thompson,483,non_oz_thompson,6.022775411605835
0,thompson,483,contested,4.786917924880981
0,thompson,484,train,3.677135000626246
0,thompson,484,baum,5.445300340652466
0,thompson,484,thompson,4.211728870868683
0,thompson,484,dickens,6.74998398621877
0,thompson,484,melville,7.090965569019318
0,thompson,484,wells,6.862381140391032
0,thompson,484,austen,7.286888122558594
0,thompson,484,fitzgerald,6.921596897972955
0,thompson,484,twain,6.285824537277222
0,thompson,484,non_oz_baum,5.638939142227173
0,thompson,484,non_oz_thompson,6.046734809875488
0,thompson,484,contested,4.811729907989502
0,thompson,485,train,3.68319105108579
0,thompson,485,baum,5.431660771369934
0,thompson,485,thompson,4.20197331905365
0,thompson,485,dickens,6.732956965764363
0,thompson,485,melville,7.065034627914429
0,thompson,485,wells,6.840152740478516
0,thompson,485,austen,7.2571961879730225
0,thompson,485,fitzgerald,6.8883125517103405
0,thompson,485,twain,6.2614255746205645
0,thompson,485,non_oz_baum,5.632066965103149
0,thompson,485,non_oz_thompson,6.030237674713135
0,thompson,485,contested,4.801639795303345
0,thompson,486,train,3.6953578094641366
0,thompson,486,baum,5.407256841659546
0,thompson,486,thompson,4.204941928386688
0,thompson,486,dickens,6.738181074460347
0,thompson,486,melville,7.076106429100037
0,thompson,486,wells,6.858193556467692
0,thompson,486,austen,7.26682710647583
0,thompson,486,fitzgerald,6.871543831295437
0,thompson,486,twain,6.267016808191936
0,thompson,486,non_oz_baum,5.624968528747559
0,thompson,486,non_oz_thompson,6.032854318618774
0,thompson,486,contested,4.788623929023743
0,thompson,487,train,3.6862813333670297
0,thompson,487,baum,5.437495112419128
0,thompson,487,thompson,4.1988601088523865
0,thompson,487,dickens,6.78339421749115
0,thompson,487,melville,7.135694921016693
0,thompson,487,wells,6.894825458526611
0,thompson,487,austen,7.3474390506744385
0,thompson,487,fitzgerald,6.959379355112712
0,thompson,487,twain,6.303199609120687
0,thompson,487,non_oz_baum,5.658391237258911
0,thompson,487,non_oz_thompson,6.046261548995972
0,thompson,487,contested,4.814833760261536
0,thompson,488,train,3.6906794905662537
0,thompson,488,baum,5.37602698802948
0,thompson,488,thompson,4.181557834148407
0,thompson,488,dickens,6.709655523300171
0,thompson,488,melville,7.063895285129547
0,thompson,488,wells,6.841345469156901
0,thompson,488,austen,7.269101858139038
0,thompson,488,fitzgerald,6.860467857784695
0,thompson,488,twain,6.254039367039998
0,thompson,488,non_oz_baum,5.606388807296753
0,thompson,488,non_oz_thompson,6.006893396377564
0,thompson,488,contested,4.7663596868515015
0,thompson,489,train,3.6935977141062417
0,thompson,489,baum,5.432914972305298
0,thompson,489,thompson,4.20842719078064
0,thompson,489,dickens,6.776150544484456
0,thompson,489,melville,7.0848952531814575
0,thompson,489,wells,6.881118933359782
0,thompson,489,austen,7.289644241333008
0,thompson,489,fitzgerald,6.942663881513807
0,thompson,489,twain,6.2891537348429365
0,thompson,489,non_oz_baum,5.65677547454834
0,thompson,489,non_oz_thompson,6.07441782951355
0,thompson,489,contested,4.829899311065674
0,thompson,490,train,3.677887668212255
0,thompson,490,baum,5.412144422531128
0,thompson,490,thompson,4.1731332540512085
0,thompson,490,dickens,6.739166537920634
0,thompson,490,melville,7.09249472618103
0,thompson,490,wells,6.855558395385742
0,thompson,490,austen,7.273387432098389
0,thompson,490,fitzgerald,6.924029350280762
0,thompson,490,twain,6.282644430796306
0,thompson,490,non_oz_baum,5.6312819719314575
0,thompson,490,non_oz_thompson,6.021614074707031
0,thompson,490,contested,4.799383640289307
0,thompson,491,train,3.705736617247264
0,thompson,491,baum,5.413220167160034
0,thompson,491,thompson,4.1905059814453125
0,thompson,491,dickens,6.734181682268779
0,thompson,491,melville,7.080262184143066
0,thompson,491,wells,6.8402754465738935
0,thompson,491,austen,7.278612375259399
0,thompson,491,fitzgerald,6.885537942250569
0,thompson,491,twain,6.267144600550334
0,thompson,491,non_oz_baum,5.629092216491699
0,thompson,491,non_oz_thompson,6.033872127532959
0,thompson,491,contested,4.800766706466675
0,thompson,492,train,3.686171680688858
0,thompson,492,baum,5.425284862518311
0,thompson,492,thompson,4.204265713691711
0,thompson,492,dickens,6.753172000249227
0,thompson,492,melville,7.084841012954712
0,thompson,492,wells,6.860007127126058
0,thompson,492,austen,7.316048622131348
0,thompson,492,fitzgerald,6.885195308261448
0,thompson,492,twain,6.271640459696452
0,thompson,492,non_oz_baum,5.627582788467407
0,thompson,492,non_oz_thompson,6.041897535324097
0,thompson,492,contested,4.7944416999816895
0,thompson,493,train,3.6958059271176658
0,thompson,493,baum,5.413326621055603
0,thompson,493,thompson,4.215979635715485
0,thompson,493,dickens,6.788848280906677
0,thompson,493,melville,7.104489684104919
0,thompson,493,wells,6.89444096883138
0,thompson,493,austen,7.345878601074219
0,thompson,493,fitzgerald,6.932709323035346
0,thompson,493,twain,6.276865800221761
0,thompson,493,non_oz_baum,5.634726166725159
0,thompson,493,non_oz_thompson,6.071534395217896
0,thompson,493,contested,4.803723335266113
0,thompson,494,train,3.6656008660793296
0,thompson,494,baum,5.3920265436172485
0,thompson,494,thompson,4.182807445526123
0,thompson,494,dickens,6.728818257649739
0,thompson,494,melville,7.078775465488434
0,thompson,494,wells,6.850536346435547
0,thompson,494,austen,7.292095899581909
0,thompson,494,fitzgerald,6.881898244222005
0,thompson,494,twain,6.257168372472127
0,thompson,494,non_oz_baum,5.610121369361877
0,thompson,494,non_oz_thompson,6.024216890335083
0,thompson,494,contested,4.780112028121948
0,thompson,495,train,3.669312059879303
0,thompson,495,baum,5.410667538642883
0,thompson,495,thompson,4.185923278331757
0,thompson,495,dickens,6.747280399004619
0,thompson,495,melville,7.086007714271545
0,thompson,495,wells,6.862998962402344
0,thompson,495,austen,7.28087306022644
0,thompson,495,fitzgerald,6.92335844039917
0,thompson,495,twain,6.276873191197713
0,thompson,495,non_oz_baum,5.633057713508606
0,thompson,495,non_oz_thompson,6.041962146759033
0,thompson,495,contested,4.793307900428772
0,thompson,496,train,3.66521625717481
0,thompson,496,baum,5.425309896469116
0,thompson,496,thompson,4.178839981555939
0,thompson,496,dickens,6.755792339642842
0,thompson,496,melville,7.13410621881485
0,thompson,496,wells,6.865393002827962
0,thompson,496,austen,7.374439239501953
0,thompson,496,fitzgerald,6.903277344173855
0,thompson,496,twain,6.289019664128621
0,thompson,496,non_oz_baum,5.626812696456909
0,thompson,496,non_oz_thompson,6.0201404094696045
0,thompson,496,contested,4.790560483932495
0,thompson,497,train,3.6731515526771545
0,thompson,497,baum,5.412009716033936
0,thompson,497,thompson,4.176406145095825
0,thompson,497,dickens,6.7401745319366455
0,thompson,497,melville,7.098699986934662
0,thompson,497,wells,6.854637781778972
0,thompson,497,austen,7.308265686035156
0,thompson,497,fitzgerald,6.902166525522868
0,thompson,497,twain,6.27743132909139
0,thompson,497,non_oz_baum,5.63239061832428
0,thompson,497,non_oz_thompson,6.030491828918457
0,thompson,497,contested,4.7944419384002686
0,thompson,498,train,3.6603056689103446
0,thompson,498,baum,5.435625791549683
0,thompson,498,thompson,4.188645243644714
0,thompson,498,dickens,6.776299556096395
0,thompson,498,melville,7.140292525291443
0,thompson,498,wells,6.883641242980957
0,thompson,498,austen,7.3342084884643555
0,thompson,498,fitzgerald,6.954299185011122
0,thompson,498,twain,6.306783199310303
0,thompson,498,non_oz_baum,5.6542545557022095
0,thompson,498,non_oz_thompson,6.05850076675415
0,thompson,498,contested,4.815088868141174
0,thompson,499,train,3.648422618707021
0,thompson,499,baum,5.444522976875305
0,thompson,499,thompson,4.195922911167145
0,thompson,499,dickens,6.786614378293355
0,thompson,499,melville,7.1333025097846985
0,thompson,499,wells,6.906141599019368
0,thompson,499,austen,7.343578100204468
0,thompson,499,fitzgerald,6.9448825518290205
0,thompson,499,twain,6.304333607355754
0,thompson,499,non_oz_baum,5.64389431476593
0,thompson,499,non_oz_thompson,6.061215877532959
0,thompson,499,contested,4.810755133628845
0,thompson,500,train,3.654907842477163
0,thompson,500,baum,5.433928489685059
0,thompson,500,thompson,4.186456739902496
0,thompson,500,dickens,6.776801586151123
0,thompson,500,melville,7.130540668964386
0,thompson,500,wells,6.897110144297282
0,thompson,500,austen,7.334662437438965
0,thompson,500,fitzgerald,6.928788291083442
0,thompson,500,twain,6.292080084482829
0,thompson,500,non_oz_baum,5.652263760566711
0,thompson,500,non_oz_thompson,6.055837869644165
0,thompson,500,contested,4.817497611045837
0,thompson,501,train,3.649464507897695
0,thompson,501,baum,5.419772624969482
0,thompson,501,thompson,4.174123167991638
0,thompson,501,dickens,6.748143235842387
0,thompson,501,melville,7.10004448890686
0,thompson,501,wells,6.868307113647461
0,thompson,501,austen,7.285106897354126
0,thompson,501,fitzgerald,6.932681189643012
0,thompson,501,twain,6.297027667363484
0,thompson,501,non_oz_baum,5.639514803886414
0,thompson,501,non_oz_thompson,6.043266534805298
0,thompson,501,contested,4.805289626121521
0,thompson,502,train,3.6542293429374695
0,thompson,502,baum,5.465616345405579
0,thompson,502,thompson,4.198977112770081
0,thompson,502,dickens,6.774235606193543
0,thompson,502,melville,7.12816995382309
0,thompson,502,wells,6.879245440165202
0,thompson,502,austen,7.3349339962005615
0,thompson,502,fitzgerald,6.925412231021458
0,thompson,502,twain,6.301715056101481
0,thompson,502,non_oz_baum,5.662100911140442
0,thompson,502,non_oz_thompson,6.064831256866455
0,thompson,502,contested,4.830647230148315
0,thompson,503,train,3.6408906678358712
0,thompson,503,baum,5.437752962112427
0,thompson,503,thompson,4.14868038892746
0,thompson,503,dickens,6.7667438586552935
0,thompson,503,melville,7.1555914878845215
0,thompson,503,wells,6.8731644948323565
0,thompson,503,austen,7.321561336517334
0,thompson,503,fitzgerald,6.967210133870442
0,thompson,503,twain,6.324537595113118
0,thompson,503,non_oz_baum,5.655955076217651
0,thompson,503,non_oz_thompson,6.044434309005737
0,thompson,503,contested,4.802634239196777
0,thompson,504,train,3.647490789492925
0,thompson,504,baum,5.451379179954529
0,thompson,504,thompson,4.190708220005035
0,thompson,504,dickens,6.800337950388591
0,thompson,504,melville,7.146052360534668
0,thompson,504,wells,6.916152477264404
0,thompson,504,austen,7.349846839904785
0,thompson,504,fitzgerald,6.948832935757107
0,thompson,504,twain,6.315783580144246
0,thompson,504,non_oz_baum,5.655980467796326
0,thompson,504,non_oz_thompson,6.0728843212127686
0,thompson,504,contested,4.810367107391357
0,thompson,505,train,3.6590636471907296
0,thompson,505,baum,5.422170162200928
0,thompson,505,thompson,4.173996686935425
0,thompson,505,dickens,6.763691345850627
0,thompson,505,melville,7.169776916503906
0,thompson,505,wells,6.911752859751384
0,thompson,505,austen,7.382078886032104
0,thompson,505,fitzgerald,6.905412197113037
0,thompson,505,twain,6.300002654393514
0,thompson,505,non_oz_baum,5.640475034713745
0,thompson,505,non_oz_thompson,6.034188508987427
0,thompson,505,contested,4.7809776067733765
0,thompson,506,train,3.65588453412056
0,thompson,506,baum,5.426984429359436
0,thompson,506,thompson,4.194479763507843
0,thompson,506,dickens,6.794508854548137
0,thompson,506,melville,7.146342873573303
0,thompson,506,wells,6.900693257649739
0,thompson,506,austen,7.346346139907837
0,thompson,506,fitzgerald,6.936270342932807
0,thompson,506,twain,6.301008780797322
0,thompson,506,non_oz_baum,5.6544963121414185
0,thompson,506,non_oz_thompson,6.0756676197052
0,thompson,506,contested,4.8109437227249146
0,thompson,507,train,3.634926150242488
0,thompson,507,baum,5.434245705604553
0,thompson,507,thompson,4.180623292922974
0,thompson,507,dickens,6.784757137298584
0,thompson,507,melville,7.12811803817749
0,thompson,507,wells,6.889324188232422
0,thompson,507,austen,7.319279909133911
0,thompson,507,fitzgerald,6.923754480150011
0,thompson,507,twain,6.293499708175659
0,thompson,507,non_oz_baum,5.650615811347961
0,thompson,507,non_oz_thompson,6.06186580657959
0,thompson,507,contested,4.801279425621033
0,thompson,508,train,3.639304796854655
0,thompson,508,baum,5.42710280418396
0,thompson,508,thompson,4.179552972316742
0,thompson,508,dickens,6.796065330505371
0,thompson,508,melville,7.156412065029144
0,thompson,508,wells,6.914656798044841
0,thompson,508,austen,7.340327262878418
0,thompson,508,fitzgerald,6.940042760637072
0,thompson,508,twain,6.310127178827922
0,thompson,508,non_oz_baum,5.654542803764343
0,thompson,508,non_oz_thompson,6.067781925201416
0,thompson,508,contested,4.811135768890381
0,thompson,509,train,3.635245263576508
0,thompson,509,baum,5.40310800075531
0,thompson,509,thompson,4.158750295639038
0,thompson,509,dickens,6.756345987319946
0,thompson,509,melville,7.130255579948425
0,thompson,509,wells,6.886994361877441
0,thompson,509,austen,7.317698001861572
0,thompson,509,fitzgerald,6.923213164011638
0,thompson,509,twain,6.305937846501668
0,thompson,509,non_oz_baum,5.646529793739319
0,thompson,509,non_oz_thompson,6.034858226776123
0,thompson,509,contested,4.787853837013245
0,thompson,510,train,3.62851165731748
0,thompson,510,baum,5.446182727813721
0,thompson,510,thompson,4.180765330791473
0,thompson,510,dickens,6.82386048634847
0,thompson,510,melville,7.16372150182724
0,thompson,510,wells,6.926205317179362
0,thompson,510,austen,7.359970808029175
0,thompson,510,fitzgerald,6.991603639390734
0,thompson,510,twain,6.329280694325765
0,thompson,510,non_oz_baum,5.678938150405884
0,thompson,510,non_oz_thompson,6.0966856479644775
0,thompson,510,contested,4.839174032211304
0,thompson,511,train,3.623228162527085
0,thompson,511,baum,5.427293300628662
0,thompson,511,thompson,4.18051677942276
0,thompson,511,dickens,6.792837301890056
0,thompson,511,melville,7.139706075191498
0,thompson,511,wells,6.93042516708374
0,thompson,511,austen,7.332722663879394
0,thompson,511,fitzgerald,6.9606614112854
0,thompson,511,twain,6.318830887476604
0,thompson,511,non_oz_baum,5.666920304298401
0,thompson,511,non_oz_thompson,6.075620889663696
0,thompson,511,contested,4.815860986709595
0,thompson,512,train,3.608432481686274
0,thompson,512,baum,5.430859088897705
0,thompson,512,thompson,4.173409461975098
0,thompson,512,dickens,6.7782639265060425
0,thompson,512,melville,7.165561497211456
0,thompson,512,wells,6.911609649658203
0,thompson,512,austen,7.388627290725708
0,thompson,512,fitzgerald,6.93101257748074
0,thompson,512,twain,6.30945626894633
0,thompson,512,non_oz_baum,5.660284161567688
0,thompson,512,non_oz_thompson,6.06206488609314
0,thompson,512,contested,4.816141963005066
0,thompson,513,train,3.638095706701279
0,thompson,513,baum,5.42921245098114
0,thompson,513,thompson,4.171256422996521
0,thompson,513,dickens,6.79521640141805
0,thompson,513,melville,7.160991072654724
0,thompson,513,wells,6.911563396453857
0,thompson,513,austen,7.366625785827637
0,thompson,513,fitzgerald,6.9414172702365455
0,thompson,513,twain,6.307243903477986
0,thompson,513,non_oz_baum,5.661136269569397
0,thompson,513,non_oz_thompson,6.0756425857543945
0,thompson,513,contested,4.809120655059815
0,thompson,514,train,3.6397218902905775
0,thompson,514,baum,5.400287628173828
0,thompson,514,thompson,4.15429812669754
0,thompson,514,dickens,6.788738528887431
0,thompson,514,melville,7.186543047428131
0,thompson,514,wells,6.932135423024495
0,thompson,514,austen,7.417302370071411
0,thompson,514,fitzgerald,6.944552580515544
0,thompson,514,twain,6.313283602396647
0,thompson,514,non_oz_baum,5.635202646255493
0,thompson,514,non_oz_thompson,6.049834728240967
0,thompson,514,contested,4.780981779098511
0,thompson,515,train,3.62743283311526
0,thompson,515,baum,5.457109689712524
0,thompson,515,thompson,4.184155225753784
0,thompson,515,dickens,6.811685721079509
0,thompson,515,melville,7.148787558078766
0,thompson,515,wells,6.920556863149007
0,thompson,515,austen,7.365874290466309
0,thompson,515,fitzgerald,6.955156432257758
0,thompson,515,twain,6.31828506787618
0,thompson,515,non_oz_baum,5.667209148406982
0,thompson,515,non_oz_thompson,6.086390018463135
0,thompson,515,contested,4.834685206413269
0,thompson,516,train,3.6213219662507377
0,thompson,516,baum,5.465432405471802
0,thompson,516,thompson,4.161812782287598
0,thompson,516,dickens,6.802673021952312
0,thompson,516,melville,7.143189609050751
0,thompson,516,wells,6.905965169270833
0,thompson,516,austen,7.327018022537231
0,thompson,516,fitzgerald,6.962128374311659
0,thompson,516,twain,6.316431999206543
0,thompson,516,non_oz_baum,5.673785448074341
0,thompson,516,non_oz_thompson,6.089295387268066
0,thompson,516,contested,4.834768772125244
0,thompson,517,train,3.622726867596308
0,thompson,517,baum,5.424563884735107
0,thompson,517,thompson,4.147080183029175
0,thompson,517,dickens,6.773254672686259
0,thompson,517,melville,7.1582090854644775
0,thompson,517,wells,6.9087856610616045
0,thompson,517,austen,7.37482476234436
0,thompson,517,fitzgerald,6.934160179562039
0,thompson,517,twain,6.303925673166911
0,thompson,517,non_oz_baum,5.639469981193543
0,thompson,517,non_oz_thompson,6.044961452484131
0,thompson,517,contested,4.800634741783142
0,thompson,518,train,3.634311656157176
0,thompson,518,baum,5.414310336112976
0,thompson,518,thompson,4.160552203655243
0,thompson,518,dickens,6.783281683921814
0,thompson,518,melville,7.1554694175720215
0,thompson,518,wells,6.92128864924113
0,thompson,518,austen,7.380068063735962
0,thompson,518,fitzgerald,6.92540709177653
0,thompson,518,twain,6.295666297276815
0,thompson,518,non_oz_baum,5.638165354728699
0,thompson,518,non_oz_thompson,6.052603483200073
0,thompson,518,contested,4.796361804008484
0,thompson,519,train,3.629071563482285
0,thompson,519,baum,5.43048632144928
0,thompson,519,thompson,4.160285472869873
0,thompson,519,dickens,6.795009175936381
0,thompson,519,melville,7.165063381195068
0,thompson,519,wells,6.915838877360026
0,thompson,519,austen,7.365535736083984
0,thompson,519,fitzgerald,6.9422496689690485
0,thompson,519,twain,6.311581452687581
0,thompson,519,non_oz_baum,5.659370183944702
0,thompson,519,non_oz_thompson,6.0602333545684814
0,thompson,519,contested,4.812358379364014
0,thompson,520,train,3.620170424381892
0,thompson,520,baum,5.47596275806427
0,thompson,520,thompson,4.17544412612915
0,thompson,520,dickens,6.85713803768158
0,thompson,520,melville,7.183233141899109
0,thompson,520,wells,6.963591416676839
0,thompson,520,austen,7.364416837692261
0,thompson,520,fitzgerald,7.026667594909668
0,thompson,520,twain,6.356505076090495
0,thompson,520,non_oz_baum,5.70693838596344
0,thompson,520,non_oz_thompson,6.130070924758911
0,thompson,520,contested,4.8664164543151855
0,thompson,521,train,3.598579853773117
0,thompson,521,baum,5.451191186904907
0,thompson,521,thompson,4.148542702198029
0,thompson,521,dickens,6.810689290364583
0,thompson,521,melville,7.185944497585297
0,thompson,521,wells,6.909330050150554
0,thompson,521,austen,7.380220890045166
0,thompson,521,fitzgerald,6.99753024843004
0,thompson,521,twain,6.345616817474365
0,thompson,521,non_oz_baum,5.680084586143494
0,thompson,521,non_oz_thompson,6.0819597244262695
0,thompson,521,contested,4.8373507261276245
0,thompson,522,train,3.597884049018224
0,thompson,522,baum,5.436122894287109
0,thompson,522,thompson,4.155691862106323
0,thompson,522,dickens,6.796622594197591
0,thompson,522,melville,7.150646209716797
0,thompson,522,wells,6.9247385660807295
0,thompson,522,austen,7.364413738250732
0,thompson,522,fitzgerald,6.949782901340061
0,thompson,522,twain,6.3159708976745605
0,thompson,522,non_oz_baum,5.66565728187561
0,thompson,522,non_oz_thompson,6.075587272644043
0,thompson,522,contested,4.827184319496155
0,thompson,523,train,3.61582679549853
0,thompson,523,baum,5.464633703231812
0,thompson,523,thompson,4.178648233413696
0,thompson,523,dickens,6.833972215652466
0,thompson,523,melville,7.1914918422698975
0,thompson,523,wells,6.9404144287109375
0,thompson,523,austen,7.397452116012573
0,thompson,523,fitzgerald,6.965146488613552
0,thompson,523,twain,6.345677932103475
0,thompson,523,non_oz_baum,5.693965315818787
0,thompson,523,non_oz_thompson,6.1120665073394775
0,thompson,523,contested,4.859930515289307
0,thompson,524,train,3.595867137114207
0,thompson,524,baum,5.45011031627655
0,thompson,524,thompson,4.152300894260407
0,thompson,524,dickens,6.79562242825826
0,thompson,524,melville,7.163230001926422
0,thompson,524,wells,6.906211535135905
0,thompson,524,austen,7.358506441116333
0,thompson,524,fitzgerald,6.955586009555393
0,thompson,524,twain,6.320475339889526
0,thompson,524,non_oz_baum,5.672775268554688
0,thompson,524,non_oz_thompson,6.070760011672974
0,thompson,524,contested,4.827232956886292
0,thompson,525,train,3.617889553308487
0,thompson,525,baum,5.472497224807739
0,thompson,525,thompson,4.159242033958435
0,thompson,525,dickens,6.791942715644836
0,thompson,525,melville,7.149397671222687
0,thompson,525,wells,6.917330106099446
0,thompson,525,austen,7.359676361083984
0,thompson,525,fitzgerald,6.956087165408665
0,thompson,525,twain,6.3318493366241455
0,thompson,525,non_oz_baum,5.682534337043762
0,thompson,525,non_oz_thompson,6.082705974578857
0,thompson,525,contested,4.836461782455444
0,thompson,526,train,3.601850430170695
0,thompson,526,baum,5.484805345535278
0,thompson,526,thompson,4.157431483268738
0,thompson,526,dickens,6.826903263727824
0,thompson,526,melville,7.193446040153503
0,thompson,526,wells,6.926904837290446
0,thompson,526,austen,7.390556573867798
0,thompson,526,fitzgerald,6.979818873935276
0,thompson,526,twain,6.347926139831543
0,thompson,526,non_oz_baum,5.699335336685181
0,thompson,526,non_oz_thompson,6.08358097076416
0,thompson,526,contested,4.851898908615112
0,thompson,527,train,3.607221424579621
0,thompson,527,baum,5.453959941864014
0,thompson,527,thompson,4.179973244667053
0,thompson,527,dickens,6.829122861226399
0,thompson,527,melville,7.175141274929047
0,thompson,527,wells,6.9570542971293134
0,thompson,527,austen,7.3975114822387695
0,thompson,527,fitzgerald,6.973951710595025
0,thompson,527,twain,6.3335595925649
0,thompson,527,non_oz_baum,5.690524935722351
0,thompson,527,non_oz_thompson,6.1097571849823
0,thompson,527,contested,4.842178225517273
0,thompson,528,train,3.588873475790024
0,thompson,528,baum,5.461757183074951
0,thompson,528,thompson,4.152094125747681
0,thompson,528,dickens,6.837353825569153
0,thompson,528,melville,7.212341427803039
0,thompson,528,wells,6.941188335418701
0,thompson,528,austen,7.407868385314941
0,thompson,528,fitzgerald,7.003363397386339
0,thompson,528,twain,6.356118599573772
0,thompson,528,non_oz_baum,5.697443008422852
0,thompson,528,non_oz_thompson,6.098211288452148
0,thompson,528,contested,4.848368763923645
0,thompson,529,train,3.5938763519128165
0,thompson,529,baum,5.463014721870422
0,thompson,529,thompson,4.167476356029511
0,thompson,529,dickens,6.813273946444194
0,thompson,529,melville,7.160547733306885
0,thompson,529,wells,6.929832617441813
0,thompson,529,austen,7.359652042388916
0,thompson,529,fitzgerald,6.975042131212023
0,thompson,529,twain,6.337191502253215
0,thompson,529,non_oz_baum,5.694138288497925
0,thompson,529,non_oz_thompson,6.11098313331604
0,thompson,529,contested,4.851263046264648
0,thompson,530,train,3.588586151599884
0,thompson,530,baum,5.474107503890991
0,thompson,530,thompson,4.174421012401581
0,thompson,530,dickens,6.829135378201802
0,thompson,530,melville,7.170593440532684
0,thompson,530,wells,6.943081855773926
0,thompson,530,austen,7.406830310821533
0,thompson,530,fitzgerald,6.985909303029378
0,thompson,530,twain,6.340151468912761
0,thompson,530,non_oz_baum,5.692580699920654
0,thompson,530,non_oz_thompson,6.116069078445435
0,thompson,530,contested,4.8529709577560425
0,thompson,531,train,3.598974128564199
0,thompson,531,baum,5.466413378715515
0,thompson,531,thompson,4.162425577640533
0,thompson,531,dickens,6.836630582809448
0,thompson,531,melville,7.196849882602692
0,thompson,531,wells,6.955228487650554
0,thompson,531,austen,7.402733564376831
0,thompson,531,fitzgerald,6.990268336402045
0,thompson,531,twain,6.347343365351359
0,thompson,531,non_oz_baum,5.68280553817749
0,thompson,531,non_oz_thompson,6.096591949462891
0,thompson,531,contested,4.834702372550964
0,thompson,532,train,3.582687815030416
0,thompson,532,baum,5.454838871955872
0,thompson,532,thompson,4.152333617210388
0,thompson,532,dickens,6.807839234670003
0,thompson,532,melville,7.168845176696777
0,thompson,532,wells,6.930039087931315
0,thompson,532,austen,7.345846652984619
0,thompson,532,fitzgerald,6.978111743927002
0,thompson,532,twain,6.34253207842509
0,thompson,532,non_oz_baum,5.688089370727539
0,thompson,532,non_oz_thompson,6.095012664794922
0,thompson,532,contested,4.842710494995117
0,thompson,533,train,3.58749137322108
0,thompson,533,baum,5.464055418968201
0,thompson,533,thompson,4.165943264961243
0,thompson,533,dickens,6.845462520917256
0,thompson,533,melville,7.194366633892059
0,thompson,533,wells,6.9674428304036455
0,thompson,533,austen,7.405696392059326
0,thompson,533,fitzgerald,7.010323312547472
0,thompson,533,twain,6.350612799326579
0,thompson,533,non_oz_baum,5.683907628059387
0,thompson,533,non_oz_thompson,6.11635684967041
0,thompson,533,contested,4.841242790222168
0,thompson,534,train,3.587480465571085
0,thompson,534,baum,5.479520320892334
0,thompson,534,thompson,4.1505783796310425
0,thompson,534,dickens,6.842795848846436
0,thompson,534,melville,7.215123116970062
0,thompson,534,wells,6.958082834879558
0,thompson,534,austen,7.391808986663818
0,thompson,534,fitzgerald,7.034415721893311
0,thompson,534,twain,6.372273365656535
0,thompson,534,non_oz_baum,5.698418736457825
0,thompson,534,non_oz_thompson,6.111501216888428
0,thompson,534,contested,4.8449013233184814
0,thompson,535,train,3.5896698037783303
0,thompson,535,baum,5.45587146282196
0,thompson,535,thompson,4.132338464260101
0,thompson,535,dickens,6.824265678723653
0,thompson,535,melville,7.242449820041656
0,thompson,535,wells,6.958168824513753
0,thompson,535,austen,7.452137470245361
0,thompson,535,fitzgerald,7.012182023790148
0,thompson,535,twain,6.368899583816528
0,thompson,535,non_oz_baum,5.692334890365601
0,thompson,535,non_oz_thompson,6.075002908706665
0,thompson,535,contested,4.832032442092896
0,thompson,536,train,3.601458042860031
0,thompson,536,baum,5.4735647439956665
0,thompson,536,thompson,4.157447099685669
0,thompson,536,dickens,6.859398722648621
0,thompson,536,melville,7.273966372013092
0,thompson,536,wells,6.9958235422770185
0,thompson,536,austen,7.507282495498657
0,thompson,536,fitzgerald,7.022001796298557
0,thompson,536,twain,6.375879605611165
0,thompson,536,non_oz_baum,5.7082730531692505
0,thompson,536,non_oz_thompson,6.112127542495728
0,thompson,536,contested,4.849788308143616
0,thompson,537,train,3.5711593429247537
0,thompson,537,baum,5.484263896942139
0,thompson,537,thompson,4.146376729011536
0,thompson,537,dickens,6.8280346393585205
0,thompson,537,melville,7.208755195140839
0,thompson,537,wells,6.945324261983235
0,thompson,537,austen,7.390235900878906
0,thompson,537,fitzgerald,6.988984690772162
0,thompson,537,twain,6.355405489603679
0,thompson,537,non_oz_baum,5.70650839805603
0,thompson,537,non_oz_thompson,6.105790376663208
0,thompson,537,contested,4.854239821434021
0,thompson,538,train,3.5761054356892905
0,thompson,538,baum,5.486807107925415
0,thompson,538,thompson,4.1533244252204895
0,thompson,538,dickens,6.839995741844177
0,thompson,538,melville,7.185930669307709
0,thompson,538,wells,6.940340360005696
0,thompson,538,austen,7.403213500976562
0,thompson,538,fitzgerald,6.998333719041613
0,thompson,538,twain,6.358444849650065
0,thompson,538,non_oz_baum,5.708528637886047
0,thompson,538,non_oz_thompson,6.129956483840942
0,thompson,538,contested,4.86867368221283
0,thompson,539,train,3.5777284502983093
0,thompson,539,baum,5.4506179094314575
0,thompson,539,thompson,4.124429762363434
0,thompson,539,dickens,6.825497627258301
0,thompson,539,melville,7.253091633319855
0,thompson,539,wells,6.962186813354492
0,thompson,539,austen,7.455955982208252
0,thompson,539,fitzgerald,7.004245122273763
0,thompson,539,twain,6.363405227661133
0,thompson,539,non_oz_baum,5.682353496551514
0,thompson,539,non_oz_thompson,6.07644248008728
0,thompson,539,contested,4.8147770166397095
0,thompson,540,train,3.5804057717323303
0,thompson,540,baum,5.468916058540344
0,thompson,540,thompson,4.159741580486298
0,thompson,540,dickens,6.836652358373006
0,thompson,540,melville,7.195667028427124
0,thompson,540,wells,6.960724989573161
0,thompson,540,austen,7.39385199546814
0,thompson,540,fitzgerald,7.01114575068156
0,thompson,540,twain,6.360196113586426
0,thompson,540,non_oz_baum,5.712147831916809
0,thompson,540,non_oz_thompson,6.127425909042358
0,thompson,540,contested,4.8631672859191895
0,thompson,541,train,3.568693518638611
0,thompson,541,baum,5.466556787490845
0,thompson,541,thompson,4.136706829071045
0,thompson,541,dickens,6.836857755978902
0,thompson,541,melville,7.229712247848511
0,thompson,541,wells,6.947506427764893
0,thompson,541,austen,7.40929913520813
0,thompson,541,fitzgerald,7.005280759599474
0,thompson,541,twain,6.374917984008789
0,thompson,541,non_oz_baum,5.7009806632995605
0,thompson,541,non_oz_thompson,6.106881618499756
0,thompson,541,contested,4.847080945968628
0,thompson,542,train,3.558961719274521
0,thompson,542,baum,5.479584813117981
0,thompson,542,thompson,4.175548315048218
0,thompson,542,dickens,6.869158943494161
0,thompson,542,melville,7.255258500576019
0,thompson,542,wells,6.985718409220378
0,thompson,542,austen,7.45505690574646
0,thompson,542,fitzgerald,7.015246020423041
0,thompson,542,twain,6.375404516855876
0,thompson,542,non_oz_baum,5.716949105262756
0,thompson,542,non_oz_thompson,6.141372203826904
0,thompson,542,contested,4.858798861503601
0,thompson,543,train,3.570579161246618
0,thompson,543,baum,5.457634449005127
0,thompson,543,thompson,4.15947288274765
0,thompson,543,dickens,6.845323443412781
0,thompson,543,melville,7.241274237632751
0,thompson,543,wells,6.969429175059001
0,thompson,543,austen,7.43854546546936
0,thompson,543,fitzgerald,6.9847181638081866
0,thompson,543,twain,6.364606857299805
0,thompson,543,non_oz_baum,5.694289207458496
0,thompson,543,non_oz_thompson,6.110266923904419
0,thompson,543,contested,4.827045559883118
0,thompson,544,train,3.5626090864340463
0,thompson,544,baum,5.473309397697449
0,thompson,544,thompson,4.146606147289276
0,thompson,544,dickens,6.856004118919373
0,thompson,544,melville,7.275071859359741
0,thompson,544,wells,6.970364093780518
0,thompson,544,austen,7.4689507484436035
0,thompson,544,fitzgerald,7.033918168809679
0,thompson,544,twain,6.388111432393392
0,thompson,544,non_oz_baum,5.709611773490906
0,thompson,544,non_oz_thompson,6.111192464828491
0,thompson,544,contested,4.85475504398346
0,thompson,545,train,3.5657260914643607
0,thompson,545,baum,5.467296361923218
0,thompson,545,thompson,4.167524635791779
0,thompson,545,dickens,6.866202831268311
0,thompson,545,melville,7.2152082324028015
0,thompson,545,wells,7.001097997029622
0,thompson,545,austen,7.423264741897583
0,thompson,545,fitzgerald,7.017288896772596
0,thompson,545,twain,6.371263345082601
0,thompson,545,non_oz_baum,5.696505665779114
0,thompson,545,non_oz_thompson,6.138190507888794
0,thompson,545,contested,4.8449013233184814
0,thompson,546,train,3.557082931200663
0,thompson,546,baum,5.453056693077087
0,thompson,546,thompson,4.155271410942078
0,thompson,546,dickens,6.852372368176778
0,thompson,546,melville,7.224526941776276
0,thompson,546,wells,6.987775961558024
0,thompson,546,austen,7.4335973262786865
0,thompson,546,fitzgerald,7.013066238827175
0,thompson,546,twain,6.375851154327393
0,thompson,546,non_oz_baum,5.703054547309876
0,thompson,546,non_oz_thompson,6.127847194671631
0,thompson,546,contested,4.849470496177673
0,thompson,547,train,3.5603380600611367
0,thompson,547,baum,5.458229660987854
0,thompson,547,thompson,4.152815461158752
0,thompson,547,dickens,6.840168277422587
0,thompson,547,melville,7.190143823623657
0,thompson,547,wells,6.959288279215495
0,thompson,547,austen,7.382003784179687
0,thompson,547,fitzgerald,7.017134295569526
0,thompson,547,twain,6.3600391546885175
0,thompson,547,non_oz_baum,5.703822493553162
0,thompson,547,non_oz_thompson,6.14000415802002
0,thompson,547,contested,4.861935019493103
0,thompson,548,train,3.568979243437449
0,thompson,548,baum,5.4987874031066895
0,thompson,548,thompson,4.17406165599823
0,thompson,548,dickens,6.894555886586507
0,thompson,548,melville,7.233368158340454
0,thompson,548,wells,7.02905797958374
0,thompson,548,austen,7.444923162460327
0,thompson,548,fitzgerald,7.063668409983317
0,thompson,548,twain,6.400295813878377
0,thompson,548,non_oz_baum,5.738082528114319
0,thompson,548,non_oz_thompson,6.171103477478027
0,thompson,548,contested,4.881363749504089
0,thompson,549,train,3.568641851345698
0,thompson,549,baum,5.486338257789612
0,thompson,549,thompson,4.136680722236633
0,thompson,549,dickens,6.872575958569844
0,thompson,549,melville,7.271342933177948
0,thompson,549,wells,6.990727265675862
0,thompson,549,austen,7.459062814712524
0,thompson,549,fitzgerald,7.054885228474935
0,thompson,549,twain,6.405837615331014
0,thompson,549,non_oz_baum,5.723892569541931
0,thompson,549,non_oz_thompson,6.129850625991821
0,thompson,549,contested,4.85697603225708
0,thompson,550,train,3.5571454068024955
0,thompson,550,baum,5.464802265167236
0,thompson,550,thompson,4.16859644651413
0,thompson,550,dickens,6.8698398272196455
0,thompson,550,melville,7.215315818786621
0,thompson,550,wells,7.005964597066243
0,thompson,550,austen,7.457168817520142
0,thompson,550,fitzgerald,6.991623825497097
0,thompson,550,twain,6.3478016058603925
0,thompson,550,non_oz_baum,5.681352257728577
0,thompson,550,non_oz_thompson,6.129552841186523
0,thompson,550,contested,4.833039164543152
0,thompson,551,train,3.5538760920365653
0,thompson,551,baum,5.487783908843994
0,thompson,551,thompson,4.1485244035720825
0,thompson,551,dickens,6.890995701154073
0,thompson,551,melville,7.27740877866745
0,thompson,551,wells,7.027782440185547
0,thompson,551,austen,7.506168842315674
0,thompson,551,fitzgerald,7.024330457051595
0,thompson,551,twain,6.3904837767283125
0,thompson,551,non_oz_baum,5.715183973312378
0,thompson,551,non_oz_thompson,6.126286506652832
0,thompson,551,contested,4.851188778877258
0,thompson,552,train,3.5559589664141336
0,thompson,552,baum,5.493223547935486
0,thompson,552,thompson,4.129132688045502
0,thompson,552,dickens,6.900033831596375
0,thompson,552,melville,7.312170684337616
0,thompson,552,wells,7.028603394826253
0,thompson,552,austen,7.543336391448975
0,thompson,552,fitzgerald,7.072468121846517
0,thompson,552,twain,6.4200840791066485
0,thompson,552,non_oz_baum,5.720191478729248
0,thompson,552,non_oz_thompson,6.127728700637817
0,thompson,552,contested,4.848756194114685
0,thompson,553,train,3.5634239117304483
0,thompson,553,baum,5.486534118652344
0,thompson,553,thompson,4.136990785598755
0,thompson,553,dickens,6.868446946144104
0,thompson,553,melville,7.260185956954956
0,thompson,553,wells,6.994685014088948
0,thompson,553,austen,7.450001955032349
0,thompson,553,fitzgerald,7.032855616675483
0,thompson,553,twain,6.384674787521362
0,thompson,553,non_oz_baum,5.716696739196777
0,thompson,553,non_oz_thompson,6.128139972686768
0,thompson,553,contested,4.861690640449524
0,thompson,554,train,3.5437255203723907
0,thompson,554,baum,5.490608334541321
0,thompson,554,thompson,4.164813816547394
0,thompson,554,dickens,6.908930063247681
0,thompson,554,melville,7.24890786409378
0,thompson,554,wells,7.033130327860515
0,thompson,554,austen,7.431473016738892
0,thompson,554,fitzgerald,7.059826321072048
0,thompson,554,twain,6.409266869227092
0,thompson,554,non_oz_baum,5.7303935289382935
0,thompson,554,non_oz_thompson,6.164752244949341
0,thompson,554,contested,4.878449559211731
0,thompson,555,train,3.5376669565836587
0,thompson,555,baum,5.495630383491516
0,thompson,555,thompson,4.156821370124817
0,thompson,555,dickens,6.884628732999166
0,thompson,555,melville,7.257187008857727
0,thompson,555,wells,7.001378695170085
0,thompson,555,austen,7.471395015716553
0,thompson,555,fitzgerald,7.042469024658203
0,thompson,555,twain,6.38729206720988
0,thompson,555,non_oz_baum,5.719661235809326
0,thompson,555,non_oz_thompson,6.148566722869873
0,thompson,555,contested,4.86117434501648
0,thompson,556,train,3.544034421443939
0,thompson,556,baum,5.495748519897461
0,thompson,556,thompson,4.159153759479523
0,thompson,556,dickens,6.917564471562703
0,thompson,556,melville,7.26899778842926
0,thompson,556,wells,7.049978256225586
0,thompson,556,austen,7.514961242675781
0,thompson,556,fitzgerald,7.062388261159261
0,thompson,556,twain,6.390421946843465
0,thompson,556,non_oz_baum,5.729816555976868
0,thompson,556,non_oz_thompson,6.17487096786499
0,thompson,556,contested,4.881314754486084
0,thompson,557,train,3.5421756704648337
0,thompson,557,baum,5.459133505821228
0,thompson,557,thompson,4.1262805461883545
0,thompson,557,dickens,6.845707217852275
0,thompson,557,melville,7.216837406158447
0,thompson,557,wells,6.965579350789388
0,thompson,557,austen,7.39700174331665
0,thompson,557,fitzgerald,7.0103481080796985
0,thompson,557,twain,6.371514876683553
0,thompson,557,non_oz_baum,5.711230158805847
0,thompson,557,non_oz_thompson,6.117897748947144
0,thompson,557,contested,4.848489761352539
0,thompson,558,train,3.548285961151123
0,thompson,558,baum,5.492263913154602
0,thompson,558,thompson,4.135496556758881
0,thompson,558,dickens,6.869038661321004
0,thompson,558,melville,7.249488890171051
0,thompson,558,wells,6.985838572184245
0,thompson,558,austen,7.463508367538452
0,thompson,558,fitzgerald,7.038562403784858
0,thompson,558,twain,6.383636474609375
0,thompson,558,non_oz_baum,5.716003775596619
0,thompson,558,non_oz_thompson,6.143551826477051
0,thompson,558,contested,4.871505975723267
0,thompson,559,train,3.523971031109492
0,thompson,559,baum,5.48604953289032
0,thompson,559,thompson,4.142185986042023
0,thompson,559,dickens,6.87172257900238
0,thompson,559,melville,7.247207045555115
0,thompson,559,wells,6.989280223846436
0,thompson,559,austen,7.466363906860352
0,thompson,559,fitzgerald,7.048864576551649
0,thompson,559,twain,6.378378391265869
0,thompson,559,non_oz_baum,5.717644691467285
0,thompson,559,non_oz_thompson,6.136551856994629
0,thompson,559,contested,4.863298535346985
0,thompson,560,train,3.543830831845601
0,thompson,560,baum,5.509081244468689
0,thompson,560,thompson,4.161239564418793
0,thompson,560,dickens,6.916494965553284
0,thompson,560,melville,7.268833816051483
0,thompson,560,wells,7.0403188069661455
0,thompson,560,austen,7.490511417388916
0,thompson,560,fitzgerald,7.10145918528239
0,thompson,560,twain,6.424206654230754
0,thompson,560,non_oz_baum,5.754634380340576
0,thompson,560,non_oz_thompson,6.188965797424316
0,thompson,560,contested,4.900468707084656
0,thompson,561,train,3.5187195340792337
0,thompson,561,baum,5.5032302141189575
0,thompson,561,thompson,4.139348864555359
0,thompson,561,dickens,6.8959130843480425
0,thompson,561,melville,7.264738500118256
0,thompson,561,wells,7.009293874104817
0,thompson,561,austen,7.486307144165039
0,thompson,561,fitzgerald,7.04719893137614
0,thompson,561,twain,6.389956156412761
0,thompson,561,non_oz_baum,5.727395176887512
0,thompson,561,non_oz_thompson,6.152291297912598
0,thompson,561,contested,4.86685848236084
0,thompson,562,train,3.544596622387568
0,thompson,562,baum,5.4978896379470825
0,thompson,562,thompson,4.138692796230316
0,thompson,562,dickens,6.895539442698161
0,thompson,562,melville,7.285490453243256
0,thompson,562,wells,7.017138957977295
0,thompson,562,austen,7.494063377380371
0,thompson,562,fitzgerald,7.065740797254774
0,thompson,562,twain,6.411685387293498
0,thompson,562,non_oz_baum,5.73328959941864
0,thompson,562,non_oz_thompson,6.152188062667847
0,thompson,562,contested,4.878981351852417
0,thompson,563,train,3.524821062882741
0,thompson,563,baum,5.501842617988586
0,thompson,563,thompson,4.128195524215698
0,thompson,563,dickens,6.891870617866516
0,thompson,563,melville,7.234397351741791
0,thompson,563,wells,7.007403373718262
0,thompson,563,austen,7.429136514663696
0,thompson,563,fitzgerald,7.079510264926487
0,thompson,563,twain,6.410918792088826
0,thompson,563,non_oz_baum,5.728798151016235
0,thompson,563,non_oz_thompson,6.160634279251099
0,thompson,563,contested,4.877973675727844
0,thompson,564,train,3.5351597468058267
0,thompson,564,baum,5.4674718379974365
0,thompson,564,thompson,4.117349803447723
0,thompson,564,dickens,6.882352908452352
0,thompson,564,melville,7.313306272029877
0,thompson,564,wells,7.017219225565593
0,thompson,564,austen,7.509642601013184
0,thompson,564,fitzgerald,7.05167293548584
0,thompson,564,twain,6.407317002614339
0,thompson,564,non_oz_baum,5.711284041404724
0,thompson,564,non_oz_thompson,6.134191989898682
0,thompson,564,contested,4.844947814941406
0,thompson,565,train,3.543296496073405
0,thompson,565,baum,5.516549229621887
0,thompson,565,thompson,4.115162372589111
0,thompson,565,dickens,6.926000237464905
0,thompson,565,melville,7.368015646934509
0,thompson,565,wells,7.042770862579346
0,thompson,565,austen,7.589011192321777
0,thompson,565,fitzgerald,7.09628873401218
0,thompson,565,twain,6.452841599782308
0,thompson,565,non_oz_baum,5.763537406921387
0,thompson,565,non_oz_thompson,6.143246412277222
0,thompson,565,contested,4.885308027267456
0,thompson,566,train,3.536746313174566
0,thompson,566,baum,5.49729859828949
0,thompson,566,thompson,4.121815323829651
0,thompson,566,dickens,6.8867982228597
0,thompson,566,melville,7.270793557167053
0,thompson,566,wells,7.005945682525635
0,thompson,566,austen,7.464537143707275
0,thompson,566,fitzgerald,7.062244627210829
0,thompson,566,twain,6.412803570429484
0,thompson,566,non_oz_baum,5.724851489067078
0,thompson,566,non_oz_thompson,6.145389080047607
0,thompson,566,contested,4.875273585319519
0,thompson,567,train,3.50766122341156
0,thompson,567,baum,5.487332820892334
0,thompson,567,thompson,4.118493378162384
0,thompson,567,dickens,6.91178560256958
0,thompson,567,melville,7.34246414899826
0,thompson,567,wells,7.03277603785197
0,thompson,567,austen,7.539057731628418
0,thompson,567,fitzgerald,7.060160954793294
0,thompson,567,twain,6.426319599151611
0,thompson,567,non_oz_baum,5.727323055267334
0,thompson,567,non_oz_thompson,6.135187387466431
0,thompson,567,contested,4.849924445152283
0,thompson,568,train,3.518479178349177
0,thompson,568,baum,5.501569390296936
0,thompson,568,thompson,4.153289198875427
0,thompson,568,dickens,6.93820055325826
0,thompson,568,melville,7.276550769805908
0,thompson,568,wells,7.050235589345296
0,thompson,568,austen,7.464886426925659
0,thompson,568,fitzgerald,7.089905950758192
0,thompson,568,twain,6.425000508626302
0,thompson,568,non_oz_baum,5.749146461486816
0,thompson,568,non_oz_thompson,6.201454639434815
0,thompson,568,contested,4.885522246360779
0,thompson,569,train,3.527286092440287
0,thompson,569,baum,5.499971389770508
0,thompson,569,thompson,4.123523414134979
0,thompson,569,dickens,6.903394897778829
0,thompson,569,melville,7.311424970626831
0,thompson,569,wells,7.028891086578369
0,thompson,569,austen,7.519842386245727
0,thompson,569,fitzgerald,7.063089900546604
0,thompson,569,twain,6.419660886128743
0,thompson,569,non_oz_baum,5.738074779510498
0,thompson,569,non_oz_thompson,6.143733263015747
0,thompson,569,contested,4.863852262496948
0,thompson,570,train,3.5136028826236725
0,thompson,570,baum,5.500278830528259
0,thompson,570,thompson,4.113821089267731
0,thompson,570,dickens,6.907004396120708
0,thompson,570,melville,7.33438116312027
0,thompson,570,wells,7.032775402069092
0,thompson,570,austen,7.556467771530151
0,thompson,570,fitzgerald,7.070965978834364
0,thompson,570,twain,6.44738491376241
0,thompson,570,non_oz_baum,5.73753035068512
0,thompson,570,non_oz_thompson,6.1383233070373535
0,thompson,570,contested,4.867701888084412
0,thompson,571,train,3.5118927160898843
0,thompson,571,baum,5.50661838054657
0,thompson,571,thompson,4.132933557033539
0,thompson,571,dickens,6.941578984260559
0,thompson,571,melville,7.31111067533493
0,thompson,571,wells,7.066507498423259
0,thompson,571,austen,7.52363920211792
0,thompson,571,fitzgerald,7.086991786956787
0,thompson,571,twain,6.424012978871663
0,thompson,571,non_oz_baum,5.752385497093201
0,thompson,571,non_oz_thompson,6.173327207565308
0,thompson,571,contested,4.879503965377808
0,thompson,572,train,3.520120888948441
0,thompson,572,baum,5.52155077457428
0,thompson,572,thompson,4.151826441287994
0,thompson,572,dickens,6.947479248046875
0,thompson,572,melville,7.26635617017746
0,thompson,572,wells,7.083512147267659
0,thompson,572,austen,7.454942226409912
0,thompson,572,fitzgerald,7.106265385945638
0,thompson,572,twain,6.428972164789836
0,thompson,572,non_oz_baum,5.767126560211182
0,thompson,572,non_oz_thompson,6.206209421157837
0,thompson,572,contested,4.884151220321655
0,thompson,573,train,3.5277148286501565
0,thompson,573,baum,5.52996563911438
0,thompson,573,thompson,4.146484375
0,thompson,573,dickens,6.929300586382548
0,thompson,573,melville,7.2690465450286865
0,thompson,573,wells,7.045548597971599
0,thompson,573,austen,7.454484701156616
0,thompson,573,fitzgerald,7.067641788058811
0,thompson,573,twain,6.431929747263591
0,thompson,573,non_oz_baum,5.767717719078064
0,thompson,573,non_oz_thompson,6.19391655921936
0,thompson,573,contested,4.898387670516968
0,thompson,574,train,3.5105378727118173
0,thompson,574,baum,5.529893755912781
0,thompson,574,thompson,4.123236119747162
0,thompson,574,dickens,6.953900456428528
0,thompson,574,melville,7.345936357975006
0,thompson,574,wells,7.076247692108154
0,thompson,574,austen,7.55386209487915
0,thompson,574,fitzgerald,7.126308653089735
0,thompson,574,twain,6.467429002126058
0,thompson,574,non_oz_baum,5.767750144004822
0,thompson,574,non_oz_thompson,6.17910361289978
0,thompson,574,contested,4.889313220977783
0,thompson,575,train,3.5096133649349213
0,thompson,575,baum,5.523586392402649
0,thompson,575,thompson,4.16953706741333
0,thompson,575,dickens,6.970296104749044
0,thompson,575,melville,7.318092703819275
0,thompson,575,wells,7.122811317443848
0,thompson,575,austen,7.533286571502685
0,thompson,575,fitzgerald,7.09436231189304
0,thompson,575,twain,6.4493052164713545
0,thompson,575,non_oz_baum,5.7664467096328735
0,thompson,575,non_oz_thompson,6.223943948745728
0,thompson,575,contested,4.892834782600403
0,thompson,576,train,3.523810495932897
0,thompson,576,baum,5.52619194984436
0,thompson,576,thompson,4.132094919681549
0,thompson,576,dickens,6.960251291592916
0,thompson,576,melville,7.325805962085724
0,thompson,576,wells,7.084001859029134
0,thompson,576,austen,7.505177021026611
0,thompson,576,fitzgerald,7.126735581292047
0,thompson,576,twain,6.460272550582886
0,thompson,576,non_oz_baum,5.774326324462891
0,thompson,576,non_oz_thompson,6.19731330871582
0,thompson,576,contested,4.89884340763092
0,thompson,577,train,3.506642907857895
0,thompson,577,baum,5.531262874603272
0,thompson,577,thompson,4.145657598972321
0,thompson,577,dickens,6.96746563911438
0,thompson,577,melville,7.307600140571594
0,thompson,577,wells,7.064592679341634
0,thompson,577,austen,7.483966112136841
0,thompson,577,fitzgerald,7.14461702770657
0,thompson,577,twain,6.46509329477946
0,thompson,577,non_oz_baum,5.7929733991622925
0,thompson,577,non_oz_thompson,6.234323024749756
0,thompson,577,contested,4.936109185218811
0,thompson,578,train,3.4982391595840454
0,thompson,578,baum,5.515693426132202
0,thompson,578,thompson,4.137440085411072
0,thompson,578,dickens,6.924850026766459
0,thompson,578,melville,7.289435565471649
0,thompson,578,wells,7.045838673909505
0,thompson,578,austen,7.489191293716431
0,thompson,578,fitzgerald,7.081903669569227
0,thompson,578,twain,6.436244090398152
0,thompson,578,non_oz_baum,5.781475901603699
0,thompson,578,non_oz_thompson,6.190464735031128
0,thompson,578,contested,4.906752228736877
0,thompson,579,train,3.4983497858047485
0,thompson,579,baum,5.527352213859558
0,thompson,579,thompson,4.1241374015808105
0,thompson,579,dickens,6.944217522939046
0,thompson,579,melville,7.349553942680359
0,thompson,579,wells,7.054972330729167
0,thompson,579,austen,7.557942152023315
0,thompson,579,fitzgerald,7.115750047895643
0,thompson,579,twain,6.455800771713257
0,thompson,579,non_oz_baum,5.763798952102661
0,thompson,579,non_oz_thompson,6.175207614898682
0,thompson,579,contested,4.901647329330444
0,thompson,580,train,3.50027467807134
0,thompson,580,baum,5.532143592834473
0,thompson,580,thompson,4.137074172496796
0,thompson,580,dickens,6.959893385569255
0,thompson,580,melville,7.329000174999237
0,thompson,580,wells,7.08251937230428
0,thompson,580,austen,7.537070989608765
0,thompson,580,fitzgerald,7.117380460103353
0,thompson,580,twain,6.454761187235515
0,thompson,580,non_oz_baum,5.782978773117065
0,thompson,580,non_oz_thompson,6.203976154327393
0,thompson,580,contested,4.917180061340332
0,thompson,581,train,3.498925844828288
0,thompson,581,baum,5.543642520904541
0,thompson,581,thompson,4.14062112569809
0,thompson,581,dickens,6.96771768728892
0,thompson,581,melville,7.341715693473816
0,thompson,581,wells,7.110775788625081
0,thompson,581,austen,7.524210214614868
0,thompson,581,fitzgerald,7.113001823425293
0,thompson,581,twain,6.472163756688436
0,thompson,581,non_oz_baum,5.797723889350891
0,thompson,581,non_oz_thompson,6.202678203582764
0,thompson,581,contested,4.915083289146423
0,thompson,582,train,3.499723960955938
0,thompson,582,baum,5.550227522850037
0,thompson,582,thompson,4.151243627071381
0,thompson,582,dickens,6.996978084246318
0,thompson,582,melville,7.381123840808868
0,thompson,582,wells,7.103427569071452
0,thompson,582,austen,7.616933345794678
0,thompson,582,fitzgerald,7.113928106096056
0,thompson,582,twain,6.468059062957764
0,thompson,582,non_oz_baum,5.784747242927551
0,thompson,582,non_oz_thompson,6.205753564834595
0,thompson,582,contested,4.906893968582153
0,thompson,583,train,3.487452020247777
0,thompson,583,baum,5.513508439064026
0,thompson,583,thompson,4.129751682281494
0,thompson,583,dickens,6.946131984392802
0,thompson,583,melville,7.328802227973938
0,thompson,583,wells,7.075962543487549
0,thompson,583,austen,7.525060176849365
0,thompson,583,fitzgerald,7.095996697743733
0,thompson,583,twain,6.44549822807312
0,thompson,583,non_oz_baum,5.76046347618103
0,thompson,583,non_oz_thompson,6.176942825317383
0,thompson,583,contested,4.883831143379211
0,thompson,584,train,3.4885547955830893
0,thompson,584,baum,5.534720659255981
0,thompson,584,thompson,4.120156705379486
0,thompson,584,dickens,6.970981280008952
0,thompson,584,melville,7.379697024822235
0,thompson,584,wells,7.086500962575276
0,thompson,584,austen,7.558843612670898
0,thompson,584,fitzgerald,7.121916135152181
0,thompson,584,twain,6.483033736546834
0,thompson,584,non_oz_baum,5.784061431884766
0,thompson,584,non_oz_thompson,6.196890354156494
0,thompson,584,contested,4.9052324295043945
0,thompson,585,train,3.4973837037881217
0,thompson,585,baum,5.557994365692139
0,thompson,585,thompson,4.127188742160797
0,thompson,585,dickens,6.983353654543559
0,thompson,585,melville,7.385415017604828
0,thompson,585,wells,7.103507995605469
0,thompson,585,austen,7.580722093582153
0,thompson,585,fitzgerald,7.157763110266791
0,thompson,585,twain,6.5091971556345625
0,thompson,585,non_oz_baum,5.816021084785461
0,thompson,585,non_oz_thompson,6.2149152755737305
0,thompson,585,contested,4.93657124042511
0,thompson,586,train,3.48466819524765
0,thompson,586,baum,5.519998669624329
0,thompson,586,thompson,4.088232457637787
0,thompson,586,dickens,6.926579356193543
0,thompson,586,melville,7.356857299804687
0,thompson,586,wells,7.040151596069336
0,thompson,586,austen,7.541695594787598
0,thompson,586,fitzgerald,7.124092684851752
0,thompson,586,twain,6.46531327565511
0,thompson,586,non_oz_baum,5.766721606254578
0,thompson,586,non_oz_thompson,6.139261722564697
0,thompson,586,contested,4.876141905784607
0,thompson,587,train,3.494671771923701
0,thompson,587,baum,5.558132648468018
0,thompson,587,thompson,4.162372291088104
0,thompson,587,dickens,6.974894205729167
0,thompson,587,melville,7.328051745891571
0,thompson,587,wells,7.087361653645833
0,thompson,587,austen,7.533249139785767
0,thompson,587,fitzgerald,7.11965470843845
0,thompson,587,twain,6.455708424250285
0,thompson,587,non_oz_baum,5.789194345474243
0,thompson,587,non_oz_thompson,6.247982978820801
0,thompson,587,contested,4.92720091342926
0,thompson,588,train,3.4866897066434226
0,thompson,588,baum,5.569974660873413
0,thompson,588,thompson,4.139003098011017
0,thompson,588,dickens,6.995133558909099
0,thompson,588,melville,7.3655476570129395
0,thompson,588,wells,7.118549664815267
0,thompson,588,austen,7.553440570831299
0,thompson,588,fitzgerald,7.188524934980604
0,thompson,588,twain,6.497752030690511
0,thompson,588,non_oz_baum,5.8153969049453735
0,thompson,588,non_oz_thompson,6.246711492538452
0,thompson,588,contested,4.945046186447144
0,thompson,589,train,3.47626464565595
0,thompson,589,baum,5.531578183174133
0,thompson,589,thompson,4.121308147907257
0,thompson,589,dickens,6.954852223396301
0,thompson,589,melville,7.339388310909271
0,thompson,589,wells,7.068579037984212
0,thompson,589,austen,7.558143377304077
0,thompson,589,fitzgerald,7.12669923570421
0,thompson,589,twain,6.448509454727173
0,thompson,589,non_oz_baum,5.763142108917236
0,thompson,589,non_oz_thompson,6.202839374542236
0,thompson,589,contested,4.890556335449219
0,thompson,590,train,3.4919077157974243
0,thompson,590,baum,5.552164673805237
0,thompson,590,thompson,4.11960631608963
0,thompson,590,dickens,6.97378424803416
0,thompson,590,melville,7.377070426940918
0,thompson,590,wells,7.087471961975098
0,thompson,590,austen,7.562079906463623
0,thompson,590,fitzgerald,7.162939495510525
0,thompson,590,twain,6.482382774353027
0,thompson,590,non_oz_baum,5.788841605186462
0,thompson,590,non_oz_thompson,6.208991527557373
0,thompson,590,contested,4.918795228004456
0,thompson,591,train,3.49466938773791
0,thompson,591,baum,5.551176428794861
0,thompson,591,thompson,4.150818467140198
0,thompson,591,dickens,6.98176908493042
0,thompson,591,melville,7.307100534439087
0,thompson,591,wells,7.100532690684001
0,thompson,591,austen,7.5500993728637695
0,thompson,591,fitzgerald,7.122342586517334
0,thompson,591,twain,6.452474594116211
0,thompson,591,non_oz_baum,5.791702508926392
0,thompson,591,non_oz_thompson,6.226386547088623
0,thompson,591,contested,4.924695134162903
0,thompson,592,train,3.474014808734258
0,thompson,592,baum,5.546426296234131
0,thompson,592,thompson,4.122010707855225
0,thompson,592,dickens,6.956384181976318
0,thompson,592,melville,7.331628680229187
0,thompson,592,wells,7.085799058278401
0,thompson,592,austen,7.51755952835083
0,thompson,592,fitzgerald,7.138926929897732
0,thompson,592,twain,6.471519549687703
0,thompson,592,non_oz_baum,5.793760895729065
0,thompson,592,non_oz_thompson,6.215023040771484
0,thompson,592,contested,4.921825289726257
0,thompson,593,train,3.462668389081955
0,thompson,593,baum,5.561673045158386
0,thompson,593,thompson,4.1323617696762085
0,thompson,593,dickens,6.95799458026886
0,thompson,593,melville,7.299051344394684
0,thompson,593,wells,7.110397974650065
0,thompson,593,austen,7.542653322219849
0,thompson,593,fitzgerald,7.111450725131565
0,thompson,593,twain,6.453397512435913
0,thompson,593,non_oz_baum,5.789937853813171
0,thompson,593,non_oz_thompson,6.215394496917725
0,thompson,593,contested,4.912618517875671
0,thompson,594,train,3.4743962784608207
0,thompson,594,baum,5.535784125328064
0,thompson,594,thompson,4.131219148635864
0,thompson,594,dickens,6.95854898293813
0,thompson,594,melville,7.328640639781952
0,thompson,594,wells,7.081406116485596
0,thompson,594,austen,7.553296804428101
0,thompson,594,fitzgerald,7.121552361382379
0,thompson,594,twain,6.457321802775065
0,thompson,594,non_oz_baum,5.78232216835022
0,thompson,594,non_oz_thompson,6.218221664428711
0,thompson,594,contested,4.910163998603821
0,thompson,595,train,3.47753898302714
0,thompson,595,baum,5.521620750427246
0,thompson,595,thompson,4.135168731212616
0,thompson,595,dickens,6.9624199867248535
0,thompson,595,melville,7.299095034599304
0,thompson,595,wells,7.110203107198079
0,thompson,595,austen,7.552243709564209
0,thompson,595,fitzgerald,7.089607450697157
0,thompson,595,twain,6.444549401601155
0,thompson,595,non_oz_baum,5.758617162704468
0,thompson,595,non_oz_thompson,6.208880662918091
0,thompson,595,contested,4.884444832801819
0,thompson,596,train,3.464992662270864
0,thompson,596,baum,5.569837093353272
0,thompson,596,thompson,4.137676179409027
0,thompson,596,dickens,7.008939623832703
0,thompson,596,melville,7.399668514728546
0,thompson,596,wells,7.137456734975179
0,thompson,596,austen,7.599882364273071
0,thompson,596,fitzgerald,7.182582802242703
0,thompson,596,twain,6.508925994237264
0,thompson,596,non_oz_baum,5.808048486709595
0,thompson,596,non_oz_thompson,6.244516611099243
0,thompson,596,contested,4.939935088157654
0,thompson,597,train,3.463262210289637
0,thompson,597,baum,5.557512402534485
0,thompson,597,thompson,4.133817136287689
0,thompson,597,dickens,6.990735173225403
0,thompson,597,melville,7.362347185611725
0,thompson,597,wells,7.122940858205159
0,thompson,597,austen,7.604598045349121
0,thompson,597,fitzgerald,7.144541210598415
0,thompson,597,twain,6.490866740544637
0,thompson,597,non_oz_baum,5.800365924835205
0,thompson,597,non_oz_thompson,6.230121612548828
0,thompson,597,contested,4.93387496471405
0,thompson,598,train,3.474588851133982
0,thompson,598,baum,5.562302947044373
0,thompson,598,thompson,4.141266763210297
0,thompson,598,dickens,7.005730628967285
0,thompson,598,melville,7.360035419464111
0,thompson,598,wells,7.147631168365479
0,thompson,598,austen,7.596932649612427
0,thompson,598,fitzgerald,7.156989256540935
0,thompson,598,twain,6.50400694211324
0,thompson,598,non_oz_baum,5.818769335746765
0,thompson,598,non_oz_thompson,6.255428791046143
0,thompson,598,contested,4.945101857185364
0,thompson,599,train,3.478498021761576
0,thompson,599,baum,5.523292779922485
0,thompson,599,thompson,4.157715201377869
0,thompson,599,dickens,6.978212793668111
0,thompson,599,melville,7.29715496301651
0,thompson,599,wells,7.119407653808594
0,thompson,599,austen,7.553821563720703
0,thompson,599,fitzgerald,7.092650678422716
0,thompson,599,twain,6.432782967885335
0,thompson,599,non_oz_baum,5.7541821002960205
0,thompson,599,non_oz_thompson,6.231190204620361
0,thompson,599,contested,4.894416809082031
0,thompson,600,train,3.4751968681812286
0,thompson,600,baum,5.58410906791687
0,thompson,600,thompson,4.162756145000458
0,thompson,600,dickens,7.036257783571879
0,thompson,600,melville,7.357671439647675
0,thompson,600,wells,7.17562214533488
0,thompson,600,austen,7.611042022705078
0,thompson,600,fitzgerald,7.175167189704047
0,thompson,600,twain,6.497913201649983
0,thompson,600,non_oz_baum,5.817994713783264
0,thompson,600,non_oz_thompson,6.272186279296875
0,thompson,600,contested,4.947335124015808
0,thompson,601,train,3.475254158178965
0,thompson,601,baum,5.55090069770813
0,thompson,601,thompson,4.137744188308716
0,thompson,601,dickens,6.986819386482239
0,thompson,601,melville,7.358041405677795
0,thompson,601,wells,7.124107360839844
0,thompson,601,austen,7.592018127441406
0,thompson,601,fitzgerald,7.137141810523139
0,thompson,601,twain,6.467874765396118
0,thompson,601,non_oz_baum,5.788822293281555
0,thompson,601,non_oz_thompson,6.236061811447144
0,thompson,601,contested,4.921208739280701
0,thompson,602,train,3.485729376475016
0,thompson,602,baum,5.56090521812439
0,thompson,602,thompson,4.125730216503143
0,thompson,602,dickens,7.01827855904897
0,thompson,602,melville,7.399165034294128
0,thompson,602,wells,7.140117168426514
0,thompson,602,austen,7.611867904663086
0,thompson,602,fitzgerald,7.221289899614122
0,thompson,602,twain,6.518775224685669
0,thompson,602,non_oz_baum,5.81810450553894
0,thompson,602,non_oz_thompson,6.253825664520264
0,thompson,602,contested,4.936860084533691
0,thompson,603,train,3.455717752377192
0,thompson,603,baum,5.5475417375564575
0,thompson,603,thompson,4.128331899642944
0,thompson,603,dickens,6.988977511723836
0,thompson,603,melville,7.338278710842133
0,thompson,603,wells,7.108146031697591
0,thompson,603,austen,7.565844297409058
0,thompson,603,fitzgerald,7.169462998708089
0,thompson,603,twain,6.479642391204834
0,thompson,603,non_oz_baum,5.786056518554688
0,thompson,603,non_oz_thompson,6.233566284179688
0,thompson,603,contested,4.901352047920227
0,thompson,604,train,3.461513598759969
0,thompson,604,baum,5.578174829483032
0,thompson,604,thompson,4.106710374355316
0,thompson,604,dickens,6.988214095433553
0,thompson,604,melville,7.396983802318573
0,thompson,604,wells,7.105481465657552
0,thompson,604,austen,7.590168714523315
0,thompson,604,fitzgerald,7.181765238444011
0,thompson,604,twain,6.51491649945577
0,thompson,604,non_oz_baum,5.818288326263428
0,thompson,604,non_oz_thompson,6.228915691375732
0,thompson,604,contested,4.94986355304718
0,thompson,605,train,3.46736149986585
0,thompson,605,baum,5.568396806716919
0,thompson,605,thompson,4.119508862495422
0,thompson,605,dickens,6.988804181416829
0,thompson,605,melville,7.376183092594147
0,thompson,605,wells,7.117338339487712
0,thompson,605,austen,7.593435287475586
0,thompson,605,fitzgerald,7.138453006744385
0,thompson,605,twain,6.498295783996582
0,thompson,605,non_oz_baum,5.802797675132752
0,thompson,605,non_oz_thompson,6.228775262832642
0,thompson,605,contested,4.917711973190308
0,thompson,606,train,3.44688825805982
0,thompson,606,baum,5.592873454093933
0,thompson,606,thompson,4.142765700817108
0,thompson,606,dickens,7.035827835400899
0,thompson,606,melville,7.405237376689911
0,thompson,606,wells,7.158218383789063
0,thompson,606,austen,7.634626865386963
0,thompson,606,fitzgerald,7.167194578382704
0,thompson,606,twain,6.506448745727539
0,thompson,606,non_oz_baum,5.820207118988037
0,thompson,606,non_oz_thompson,6.263865947723389
0,thompson,606,contested,4.938825964927673
0,thompson,607,train,3.4506625831127167
0,thompson,607,baum,5.574200391769409
0,thompson,607,thompson,4.111532807350159
0,thompson,607,dickens,6.995600779851277
0,thompson,607,melville,7.354903399944305
0,thompson,607,wells,7.130841414133708
0,thompson,607,austen,7.550440311431885
0,thompson,607,fitzgerald,7.182707362704807
0,thompson,607,twain,6.503220796585083
0,thompson,607,non_oz_baum,5.828959465026856
0,thompson,607,non_oz_thompson,6.243934631347656
0,thompson,607,contested,4.945731520652771
0,thompson,608,train,3.458995322386424
0,thompson,608,baum,5.582792639732361
0,thompson,608,thompson,4.116542398929596
0,thompson,608,dickens,7.026948094367981
0,thompson,608,melville,7.374946653842926
0,thompson,608,wells,7.149223168690999
0,thompson,608,austen,7.546936273574829
0,thompson,608,fitzgerald,7.236409770117866
0,thompson,608,twain,6.534347136815389
0,thompson,608,non_oz_baum,5.819734334945679
0,thompson,608,non_oz_thompson,6.270973443984985
0,thompson,608,contested,4.950316071510315
0,thompson,609,train,3.448008120059967
0,thompson,609,baum,5.583184480667114
0,thompson,609,thompson,4.115156531333923
0,thompson,609,dickens,7.016710996627808
0,thompson,609,melville,7.398855805397034
0,thompson,609,wells,7.143229166666667
0,thompson,609,austen,7.613853454589844
0,thompson,609,fitzgerald,7.192909823523627
0,thompson,609,twain,6.522027810414632
0,thompson,609,non_oz_baum,5.830279588699341
0,thompson,609,non_oz_thompson,6.257323980331421
0,thompson,609,contested,4.945121169090271
0,thompson,610,train,3.4526019593079886
0,thompson,610,baum,5.581536769866943
0,thompson,610,thompson,4.0878546833992
0,thompson,610,dickens,6.98647145430247
0,thompson,610,melville,7.385592401027679
0,thompson,610,wells,7.108007272084554
0,thompson,610,austen,7.552574157714844
0,thompson,610,fitzgerald,7.211515320671929
0,thompson,610,twain,6.524895191192627
0,thompson,610,non_oz_baum,5.8096911907196045
0,thompson,610,non_oz_thompson,6.232158899307251
0,thompson,610,contested,4.935215592384338
0,thompson,611,train,3.441127002239228
0,thompson,611,baum,5.556966423988342
0,thompson,611,thompson,4.120320379734039
0,thompson,611,dickens,7.00589644908905
0,thompson,611,melville,7.3746457695961
0,thompson,611,wells,7.145578225453694
0,thompson,611,austen,7.605111122131348
0,thompson,611,fitzgerald,7.169724835289849
0,thompson,611,twain,6.486021041870117
0,thompson,611,non_oz_baum,5.780679941177368
0,thompson,611,non_oz_thompson,6.239253997802734
0,thompson,611,contested,4.903778672218323
0,thompson,612,train,3.4395035803318024
0,thompson,612,baum,5.598208785057068
0,thompson,612,thompson,4.127584874629974
0,thompson,612,dickens,7.021202643712361
0,thompson,612,melville,7.38219690322876
0,thompson,612,wells,7.141552925109863
0,thompson,612,austen,7.582481384277344
0,thompson,612,fitzgerald,7.230418999989827
0,thompson,612,twain,6.539874792098999
0,thompson,612,non_oz_baum,5.838384509086609
0,thompson,612,non_oz_thompson,6.280341386795044
0,thompson,612,contested,4.9683215618133545
0,thompson,613,train,3.442497750123342
0,thompson,613,baum,5.580408215522766
0,thompson,613,thompson,4.115159451961517
0,thompson,613,dickens,7.000793814659119
0,thompson,613,melville,7.347159564495087
0,thompson,613,wells,7.114087263743083
0,thompson,613,austen,7.53402853012085
0,thompson,613,fitzgerald,7.193609237670898
0,thompson,613,twain,6.50958251953125
0,thompson,613,non_oz_baum,5.812785267829895
0,thompson,613,non_oz_thompson,6.260268211364746
0,thompson,613,contested,4.939958572387695
0,thompson,614,train,3.435676654179891
0,thompson,614,baum,5.586380243301392
0,thompson,614,thompson,4.102908670902252
0,thompson,614,dickens,7.011871377627055
0,thompson,614,melville,7.41377180814743
0,thompson,614,wells,7.145990212758382
0,thompson,614,austen,7.631128311157227
0,thompson,614,fitzgerald,7.170736577775744
0,thompson,614,twain,6.535996516545613
0,thompson,614,non_oz_baum,5.824331641197205
0,thompson,614,non_oz_thompson,6.237213134765625
0,thompson,614,contested,4.928429365158081
0,thompson,615,train,3.433038314183553
0,thompson,615,baum,5.585554718971252
0,thompson,615,thompson,4.126103222370148
0,thompson,615,dickens,7.009544253349304
0,thompson,615,melville,7.345809698104858
0,thompson,615,wells,7.146253267923991
0,thompson,615,austen,7.545528650283813
0,thompson,615,fitzgerald,7.185451136695014
0,thompson,615,twain,6.509661515553792
0,thompson,615,non_oz_baum,5.8289899826049805
0,thompson,615,non_oz_thompson,6.272441148757935
0,thompson,615,contested,4.949665904045105
0,thompson,616,train,3.4327295422554016
0,thompson,616,baum,5.56510055065155
0,thompson,616,thompson,4.10208386182785
0,thompson,616,dickens,6.996171712875366
0,thompson,616,melville,7.372028827667236
0,thompson,616,wells,7.115838209788005
0,thompson,616,austen,7.562190055847168
0,thompson,616,fitzgerald,7.181168821122911
0,thompson,616,twain,6.492252667744954
0,thompson,616,non_oz_baum,5.798271298408508
0,thompson,616,non_oz_thompson,6.247759580612183
0,thompson,616,contested,4.935762524604797
0,thompson,617,train,3.4340821305910745
0,thompson,617,baum,5.593967318534851
0,thompson,617,thompson,4.095677137374878
0,thompson,617,dickens,7.037759621938069
0,thompson,617,melville,7.44052129983902
0,thompson,617,wells,7.1621888478597
0,thompson,617,austen,7.633604049682617
0,thompson,617,fitzgerald,7.248626073201497
0,thompson,617,twain,6.56158979733785
0,thompson,617,non_oz_baum,5.843100905418396
0,thompson,617,non_oz_thompson,6.254456520080566
0,thompson,617,contested,4.9492785930633545
0,thompson,618,train,3.4425578812758126
0,thompson,618,baum,5.591106414794922
0,thompson,618,thompson,4.113144099712372
0,thompson,618,dickens,7.034582018852234
0,thompson,618,melville,7.401025891304016
0,thompson,618,wells,7.149105072021484
0,thompson,618,austen,7.610914468765259
0,thompson,618,fitzgerald,7.242706510755751
0,thompson,618,twain,6.543311516443889
0,thompson,618,non_oz_baum,5.821622729301453
0,thompson,618,non_oz_thompson,6.271787166595459
0,thompson,618,contested,4.947837710380554
0,thompson,619,train,3.4359057943026223
0,thompson,619,baum,5.573797225952148
0,thompson,619,thompson,4.114918947219849
0,thompson,619,dickens,7.000333348910014
0,thompson,619,melville,7.311487972736359
0,thompson,619,wells,7.142367045084636
0,thompson,619,austen,7.523850440979004
0,thompson,619,fitzgerald,7.173421065012614
0,thompson,619,twain,6.505549748738607
0,thompson,619,non_oz_baum,5.811408400535584
0,thompson,619,non_oz_thompson,6.263951063156128
0,thompson,619,contested,4.929720997810364
0,thompson,620,train,3.422310918569565
0,thompson,620,baum,5.577267646789551
0,thompson,620,thompson,4.092613101005554
0,thompson,620,dickens,7.009944836298625
0,thompson,620,melville,7.353082895278931
0,thompson,620,wells,7.145627816518148
0,thompson,620,austen,7.530218601226807
0,thompson,620,fitzgerald,7.223199950324164
0,thompson,620,twain,6.534939289093018
0,thompson,620,non_oz_baum,5.833440899848938
0,thompson,620,non_oz_thompson,6.250921249389648
0,thompson,620,contested,4.946767568588257
0,thompson,621,train,3.4348939756552377
0,thompson,621,baum,5.586135506629944
0,thompson,621,thompson,4.110037088394165
0,thompson,621,dickens,7.045802036921184
0,thompson,621,melville,7.4202746748924255
0,thompson,621,wells,7.169970671335856
0,thompson,621,austen,7.645127534866333
0,thompson,621,fitzgerald,7.217571311526829
0,thompson,621,twain,6.53097677230835
0,thompson,621,non_oz_baum,5.829072117805481
0,thompson,621,non_oz_thompson,6.272198438644409
0,thompson,621,contested,4.940616488456726
0,thompson,622,train,3.414253006378809
0,thompson,622,baum,5.606671214103699
0,thompson,622,thompson,4.140303611755371
0,thompson,622,dickens,7.072253028551738
0,thompson,622,melville,7.416232526302338
0,thompson,622,wells,7.181336720784505
0,thompson,622,austen,7.649086713790893
0,thompson,622,fitzgerald,7.203574021657308
0,thompson,622,twain,6.552910327911377
0,thompson,622,non_oz_baum,5.857158660888672
0,thompson,622,non_oz_thompson,6.3002097606658936
0,thompson,622,contested,4.968377470970154
0,thompson,623,train,3.412217140197754
0,thompson,623,baum,5.593621730804443
0,thompson,623,thompson,4.096710979938507
0,thompson,623,dickens,6.994753162066142
0,thompson,623,melville,7.348481774330139
0,thompson,623,wells,7.118537267049153
0,thompson,623,austen,7.558868408203125
0,thompson,623,fitzgerald,7.161504639519586
0,thompson,623,twain,6.505364020665486
0,thompson,623,non_oz_baum,5.821660161018372
0,thompson,623,non_oz_thompson,6.254730701446533
0,thompson,623,contested,4.944384694099426
0,thompson,624,train,3.4118577043215432
0,thompson,624,baum,5.588610291481018
0,thompson,624,thompson,4.120534181594849
0,thompson,624,dickens,7.038844386736552
0,thompson,624,melville,7.401999771595001
0,thompson,624,wells,7.172270774841309
0,thompson,624,austen,7.616254091262817
0,thompson,624,fitzgerald,7.205540868971083
0,thompson,624,twain,6.531526565551758
0,thompson,624,non_oz_baum,5.8380714654922485
0,thompson,624,non_oz_thompson,6.285972356796265
0,thompson,624,contested,4.958016753196716
0,thompson,625,train,3.4191510478655496
0,thompson,625,baum,5.583182692527771
0,thompson,625,thompson,4.111114323139191
0,thompson,625,dickens,7.010596553484599
0,thompson,625,melville,7.346297979354858
0,thompson,625,wells,7.138736089070638
0,thompson,625,austen,7.561851739883423
0,thompson,625,fitzgerald,7.191177368164063
0,thompson,625,twain,6.5125062465667725
0,thompson,625,non_oz_baum,5.826751112937927
0,thompson,625,non_oz_thompson,6.266438007354736
0,thompson,625,contested,4.953264117240906
0,thompson,626,train,3.4109948873519897
0,thompson,626,baum,5.592224359512329
0,thompson,626,thompson,4.0924694538116455
0,thompson,626,dickens,7.014018535614014
0,thompson,626,melville,7.405666947364807
0,thompson,626,wells,7.144400914510091
0,thompson,626,austen,7.57729697227478
0,thompson,626,fitzgerald,7.193041960398356
0,thompson,626,twain,6.537627696990967
0,thompson,626,non_oz_baum,5.836007237434387
0,thompson,626,non_oz_thompson,6.248152256011963
0,thompson,626,contested,4.95176088809967
0,thompson,627,train,3.434502830108007
0,thompson,627,baum,5.59835696220398
0,thompson,627,thompson,4.097173690795898
0,thompson,627,dickens,7.063974062601726
0,thompson,627,melville,7.449818432331085
0,thompson,627,wells,7.203348477681478
0,thompson,627,austen,7.665509700775146
0,thompson,627,fitzgerald,7.21909777323405
0,thompson,627,twain,6.557535409927368
0,thompson,627,non_oz_baum,5.867018938064575
0,thompson,627,non_oz_thompson,6.274399995803833
0,thompson,627,contested,4.95731520652771
0,thompson,628,train,3.4152769247690835
0,thompson,628,baum,5.604405403137207
0,thompson,628,thompson,4.122206509113312
0,thompson,628,dickens,7.062472303708394
0,thompson,628,melville,7.38025975227356
0,thompson,628,wells,7.193058013916016
0,thompson,628,austen,7.5784807205200195
0,thompson,628,fitzgerald,7.2285153071085615
0,thompson,628,twain,6.54595931371053
0,thompson,628,non_oz_baum,5.863047242164612
0,thompson,628,non_oz_thompson,6.321180582046509
0,thompson,628,contested,4.9816718101501465
0,thompson,629,train,3.4087148010730743
0,thompson,629,baum,5.597489953041077
0,thompson,629,thompson,4.10295033454895
0,thompson,629,dickens,7.078209400177002
0,thompson,629,melville,7.484357893466949
0,thompson,629,wells,7.198070049285889
0,thompson,629,austen,7.688864231109619
0,thompson,629,fitzgerald,7.273540178934733
0,thompson,629,twain,6.577074766159058
0,thompson,629,non_oz_baum,5.866609811782837
0,thompson,629,non_oz_thompson,6.29377555847168
0,thompson,629,contested,4.9650044441223145
0,thompson,630,train,3.3913168907165527
0,thompson,630,baum,5.615195989608765
0,thompson,630,thompson,4.113174498081207
0,thompson,630,dickens,7.0665256579717
0,thompson,630,melville,7.462646782398224
0,thompson,630,wells,7.189696470896403
0,thompson,630,austen,7.685875415802002
0,thompson,630,fitzgerald,7.252849260965983
0,thompson,630,twain,6.584668318430583
0,thompson,630,non_oz_baum,5.8817665576934814
0,thompson,630,non_oz_thompson,6.289107322692871
0,thompson,630,contested,4.985499978065491
0,thompson,631,train,3.4099219938119254
0,thompson,631,baum,5.608871221542358
0,thompson,631,thompson,4.126683533191681
0,thompson,631,dickens,7.081585089365642
0,thompson,631,melville,7.416218400001526
0,thompson,631,wells,7.224926312764485
0,thompson,631,austen,7.639246225357056
0,thompson,631,fitzgerald,7.264486895667182
0,thompson,631,twain,6.554674943288167
0,thompson,631,non_oz_baum,5.858075976371765
0,thompson,631,non_oz_thompson,6.3286449909210205
0,thompson,631,contested,4.96998393535614
0,thompson,632,train,3.38712614774704
0,thompson,632,baum,5.626879453659058
0,thompson,632,thompson,4.148348212242127
0,thompson,632,dickens,7.122044086456299
0,thompson,632,melville,7.475506901741028
0,thompson,632,wells,7.269582907358806
0,thompson,632,austen,7.725625514984131
0,thompson,632,fitzgerald,7.252594735887316
0,thompson,632,twain,6.57113250096639
0,thompson,632,non_oz_baum,5.869876861572266
0,thompson,632,non_oz_thompson,6.345811128616333
0,thompson,632,contested,4.979545593261719
0,thompson,633,train,3.414237380027771
0,thompson,633,baum,5.602573752403259
0,thompson,633,thompson,4.126924574375153
0,thompson,633,dickens,7.069081544876099
0,thompson,633,melville,7.389393746852875
0,thompson,633,wells,7.214346726735433
0,thompson,633,austen,7.63684868812561
0,thompson,633,fitzgerald,7.232239776187473
0,thompson,633,twain,6.557350476582845
0,thompson,633,non_oz_baum,5.869306445121765
0,thompson,633,non_oz_thompson,6.315584659576416
0,thompson,633,contested,4.977497339248657
0,thompson,634,train,3.4039888083934784
0,thompson,634,baum,5.5744065046310425
0,thompson,634,thompson,4.118798494338989
0,thompson,634,dickens,7.058400710423787
0,thompson,634,melville,7.400587856769562
0,thompson,634,wells,7.2003583908081055
0,thompson,634,austen,7.657368898391724
0,thompson,634,fitzgerald,7.198531998528375
0,thompson,634,twain,6.533000389734904
0,thompson,634,non_oz_baum,5.831231117248535
0,thompson,634,non_oz_thompson,6.295025825500488
0,thompson,634,contested,4.9431904554367065
0,thompson,635,train,3.410248676935832
0,thompson,635,baum,5.62303364276886
0,thompson,635,thompson,4.111133575439453
0,thompson,635,dickens,7.074570020039876
0,thompson,635,melville,7.453593194484711
0,thompson,635,wells,7.1937689781188965
0,thompson,635,austen,7.687196969985962
0,thompson,635,fitzgerald,7.263046582539876
0,thompson,635,twain,6.5629721482594805
0,thompson,635,non_oz_baum,5.858166933059692
0,thompson,635,non_oz_thompson,6.300228118896484
0,thompson,635,contested,4.974878430366516
0,thompson,636,train,3.410403440395991
0,thompson,636,baum,5.594257354736328
0,thompson,636,thompson,4.113094508647919
0,thompson,636,dickens,7.035909612973531
0,thompson,636,melville,7.351176559925079
0,thompson,636,wells,7.168882052103679
0,thompson,636,austen,7.575450420379639
0,thompson,636,fitzgerald,7.219474262661404
0,thompson,636,twain,6.53269608815511
0,thompson,636,non_oz_baum,5.856980562210083
0,thompson,636,non_oz_thompson,6.313069820404053
0,thompson,636,contested,4.980494976043701
0,thompson,637,train,3.3914707203706107
0,thompson,637,baum,5.58050012588501
0,thompson,637,thompson,4.098126649856567
0,thompson,637,dickens,7.0711134274800616
0,thompson,637,melville,7.456137120723724
0,thompson,637,wells,7.201985994974772
0,thompson,637,austen,7.6947009563446045
0,thompson,637,fitzgerald,7.245369752248128
0,thompson,637,twain,6.56398884455363
0,thompson,637,non_oz_baum,5.851699709892273
0,thompson,637,non_oz_thompson,6.285059928894043
0,thompson,637,contested,4.948171377182007
0,thompson,638,train,3.405194322268168
0,thompson,638,baum,5.588043570518494
0,thompson,638,thompson,4.112098813056946
0,thompson,638,dickens,7.0690856377283735
0,thompson,638,melville,7.412387490272522
0,thompson,638,wells,7.1892409324646
0,thompson,638,austen,7.657168865203857
0,thompson,638,fitzgerald,7.213200410207112
0,thompson,638,twain,6.533346891403198
0,thompson,638,non_oz_baum,5.842995047569275
0,thompson,638,non_oz_thompson,6.299396753311157
0,thompson,638,contested,4.956912636756897
0,thompson,639,train,3.392577767372132
0,thompson,639,baum,5.582872152328491
0,thompson,639,thompson,4.0983657240867615
0,thompson,639,dickens,7.048535784085591
0,thompson,639,melville,7.393823027610779
0,thompson,639,wells,7.198191960652669
0,thompson,639,austen,7.64812445640564
0,thompson,639,fitzgerald,7.198955165015327
0,thompson,639,twain,6.538178046544393
0,thompson,639,non_oz_baum,5.841870665550232
0,thompson,639,non_oz_thompson,6.275283336639404
0,thompson,639,contested,4.941087365150452
0,thompson,640,train,3.3963223695755005
0,thompson,640,baum,5.597232937812805
0,thompson,640,thompson,4.1080281138420105
0,thompson,640,dickens,7.061622579892476
0,thompson,640,melville,7.405190885066986
0,thompson,640,wells,7.204122861226399
0,thompson,640,austen,7.597061634063721
0,thompson,640,fitzgerald,7.219074302249485
0,thompson,640,twain,6.5559647878011065
0,thompson,640,non_oz_baum,5.8591612577438354
0,thompson,640,non_oz_thompson,6.295650482177734
0,thompson,640,contested,4.960310339927673
0,thompson,641,train,3.404446999231974
0,thompson,641,baum,5.636309623718262
0,thompson,641,thompson,4.097103774547577
0,thompson,641,dickens,7.092595934867859
0,thompson,641,melville,7.474062621593475
0,thompson,641,wells,7.222087383270264
0,thompson,641,austen,7.691521644592285
0,thompson,641,fitzgerald,7.26267867618137
0,thompson,641,twain,6.586149215698242
0,thompson,641,non_oz_baum,5.879090666770935
0,thompson,641,non_oz_thompson,6.303919076919556
0,thompson,641,contested,4.981766104698181
0,thompson,642,train,3.395902514457702
0,thompson,642,baum,5.638597249984741
0,thompson,642,thompson,4.112264513969421
0,thompson,642,dickens,7.08889365196228
0,thompson,642,melville,7.430396139621735
0,thompson,642,wells,7.227550188700358
0,thompson,642,austen,7.679025650024414
0,thompson,642,fitzgerald,7.239539199405247
0,thompson,642,twain,6.565728267033895
0,thompson,642,non_oz_baum,5.8834428787231445
0,thompson,642,non_oz_thompson,6.320667266845703
0,thompson,642,contested,4.986728668212891
0,thompson,643,train,3.39313421646754
0,thompson,643,baum,5.609155178070068
0,thompson,643,thompson,4.112692594528198
0,thompson,643,dickens,7.063983718554179
0,thompson,643,melville,7.37957501411438
0,thompson,643,wells,7.207612991333008
0,thompson,643,austen,7.632207155227661
0,thompson,643,fitzgerald,7.220045672522651
0,thompson,643,twain,6.543801069259644
0,thompson,643,non_oz_baum,5.852944493293762
0,thompson,643,non_oz_thompson,6.301310300827026
0,thompson,643,contested,4.969423770904541
0,thompson,644,train,3.389775981505712
0,thompson,644,baum,5.605371952056885
0,thompson,644,thompson,4.127860009670258
0,thompson,644,dickens,7.091416954994202
0,thompson,644,melville,7.380769073963165
0,thompson,644,wells,7.244368076324463
0,thompson,644,austen,7.612493276596069
0,thompson,644,fitzgerald,7.224913120269775
0,thompson,644,twain,6.55549160639445
0,thompson,644,non_oz_baum,5.858208060264587
0,thompson,644,non_oz_thompson,6.333127737045288
0,thompson,644,contested,4.9593411684036255
0,thompson,645,train,3.3952497641245523
0,thompson,645,baum,5.632041692733765
0,thompson,645,thompson,4.1122918128967285
0,thompson,645,dickens,7.101618806521098
0,thompson,645,melville,7.4379143714904785
0,thompson,645,wells,7.2318878173828125
0,thompson,645,austen,7.683116912841797
0,thompson,645,fitzgerald,7.281269815233019
0,thompson,645,twain,6.582365910212199
0,thompson,645,non_oz_baum,5.884075164794922
0,thompson,645,non_oz_thompson,6.338627099990845
0,thompson,645,contested,4.996520042419434
0,thompson,646,train,3.3776787718137107
0,thompson,646,baum,5.62656557559967
0,thompson,646,thompson,4.103670716285706
0,thompson,646,dickens,7.118526061375936
0,thompson,646,melville,7.431966245174408
0,thompson,646,wells,7.241723378499349
0,thompson,646,austen,7.649788856506348
0,thompson,646,fitzgerald,7.30257331000434
0,thompson,646,twain,6.580138921737671
0,thompson,646,non_oz_baum,5.875297904014587
0,thompson,646,non_oz_thompson,6.332592248916626
0,thompson,646,contested,4.985490322113037
0,thompson,647,train,3.392934580643972
0,thompson,647,baum,5.645633339881897
0,thompson,647,thompson,4.111482620239258
0,thompson,647,dickens,7.090973377227783
0,thompson,647,melville,7.425969839096069
0,thompson,647,wells,7.231456756591797
0,thompson,647,austen,7.654050350189209
0,thompson,647,fitzgerald,7.272207154168023
0,thompson,647,twain,6.593265692392985
0,thompson,647,non_oz_baum,5.896382808685303
0,thompson,647,non_oz_thompson,6.329207420349121
0,thompson,647,contested,4.997856736183167
0,thompson,648,train,3.3815366327762604
0,thompson,648,baum,5.658376216888428
0,thompson,648,thompson,4.141348958015442
0,thompson,648,dickens,7.1397625207901
0,thompson,648,melville,7.482332527637482
0,thompson,648,wells,7.273241996765137
0,thompson,648,austen,7.766179800033569
0,thompson,648,fitzgerald,7.270942423078749
0,thompson,648,twain,6.586663166681926
0,thompson,648,non_oz_baum,5.8952741622924805
0,thompson,648,non_oz_thompson,6.368609428405762
0,thompson,648,contested,4.997964143753052
0,thompson,649,train,3.381765405337016
0,thompson,649,baum,5.627482295036316
0,thompson,649,thompson,4.117685675621033
0,thompson,649,dickens,7.125548720359802
0,thompson,649,melville,7.448917329311371
0,thompson,649,wells,7.259919325510661
0,thompson,649,austen,7.685510873794556
0,thompson,649,fitzgerald,7.274678495195177
0,thompson,649,twain,6.58484943707784
0,thompson,649,non_oz_baum,5.886778473854065
0,thompson,649,non_oz_thompson,6.352628707885742
0,thompson,649,contested,4.988432288169861
0,thompson,650,train,3.381237943967184
0,thompson,650,baum,5.633850932121277
0,thompson,650,thompson,4.11249715089798
0,thompson,650,dickens,7.106176733970642
0,thompson,650,melville,7.447002053260803
0,thompson,650,wells,7.232016722361247
0,thompson,650,austen,7.666076183319092
0,thompson,650,fitzgerald,7.273668024275038
0,thompson,650,twain,6.585568348566691
0,thompson,650,non_oz_baum,5.898236274719238
0,thompson,650,non_oz_thompson,6.348197221755981
0,thompson,650,contested,5.002568244934082
0,thompson,651,train,3.3947883943716683
0,thompson,651,baum,5.617416858673096
0,thompson,651,thompson,4.092818915843964
0,thompson,651,dickens,7.10276476542155
0,thompson,651,melville,7.460825681686401
0,thompson,651,wells,7.225561618804932
0,thompson,651,austen,7.659507036209106
0,thompson,651,fitzgerald,7.306832737392849
0,thompson,651,twain,6.599861145019531
0,thompson,651,non_oz_baum,5.87488067150116
0,thompson,651,non_oz_thompson,6.315565347671509
0,thompson,651,contested,4.976118803024292
0,thompson,652,train,3.378208339214325
0,thompson,652,baum,5.58637547492981
0,thompson,652,thompson,4.1100170612335205
0,thompson,652,dickens,7.096070130666097
0,thompson,652,melville,7.427749454975128
0,thompson,652,wells,7.245410601298015
0,thompson,652,austen,7.700729846954346
0,thompson,652,fitzgerald,7.249019940694173
0,thompson,652,twain,6.548996686935425
0,thompson,652,non_oz_baum,5.845142126083374
0,thompson,652,non_oz_thompson,6.316931962966919
0,thompson,652,contested,4.942344784736633
0,thompson,653,train,3.3666163980960846
0,thompson,653,baum,5.612247347831726
0,thompson,653,thompson,4.09967851638794
0,thompson,653,dickens,7.048692901929219
0,thompson,653,melville,7.34070086479187
0,thompson,653,wells,7.194277286529541
0,thompson,653,austen,7.595875978469849
0,thompson,653,fitzgerald,7.1992184321085615
0,thompson,653,twain,6.516763687133789
0,thompson,653,non_oz_baum,5.840294241905212
0,thompson,653,non_oz_thompson,6.306316614151001
0,thompson,653,contested,4.957767844200134
0,thompson,654,train,3.3766555984814963
0,thompson,654,baum,5.614660143852234
0,thompson,654,thompson,4.100808143615723
0,thompson,654,dickens,7.0740348895390825
0,thompson,654,melville,7.389068126678467
0,thompson,654,wells,7.221389134724935
0,thompson,654,austen,7.620503187179565
0,thompson,654,fitzgerald,7.24068021774292
0,thompson,654,twain,6.561470667521159
0,thompson,654,non_oz_baum,5.859120845794678
0,thompson,654,non_oz_thompson,6.327933073043823
0,thompson,654,contested,4.96286940574646
0,thompson,655,train,3.3638737201690674
0,thompson,655,baum,5.636934757232666
0,thompson,655,thompson,4.107976913452148
0,thompson,655,dickens,7.131069739659627
0,thompson,655,melville,7.484389185905456
0,thompson,655,wells,7.256755193074544
0,thompson,655,austen,7.721878528594971
0,thompson,655,fitzgerald,7.282817840576172
0,thompson,655,twain,6.592424790064494
0,thompson,655,non_oz_baum,5.887105941772461
0,thompson,655,non_oz_thompson,6.342926263809204
0,thompson,655,contested,4.989342212677002
0,thompson,656,train,3.3698841830094657
0,thompson,656,baum,5.631719470024109
0,thompson,656,thompson,4.112928807735443
0,thompson,656,dickens,7.127740740776062
0,thompson,656,melville,7.443426668643951
0,thompson,656,wells,7.2611260414123535
0,thompson,656,austen,7.68227219581604
0,thompson,656,fitzgerald,7.2804479069179955
0,thompson,656,twain,6.584798812866211
0,thompson,656,non_oz_baum,5.878273844718933
0,thompson,656,non_oz_thompson,6.357951879501343
0,thompson,656,contested,4.98038911819458
0,thompson,657,train,3.3589938382307687
0,thompson,657,baum,5.605490803718567
0,thompson,657,thompson,4.076728343963623
0,thompson,657,dickens,7.094191431999207
0,thompson,657,melville,7.435765981674194
0,thompson,657,wells,7.231834888458252
0,thompson,657,austen,7.6341071128845215
0,thompson,657,fitzgerald,7.31110413869222
0,thompson,657,twain,6.599563995997111
0,thompson,657,non_oz_baum,5.870995759963989
0,thompson,657,non_oz_thompson,6.32147216796875
0,thompson,657,contested,4.962118029594421
0,thompson,658,train,3.3517115910847983
0,thompson,658,baum,5.63851797580719
0,thompson,658,thompson,4.110367655754089
0,thompson,658,dickens,7.127801299095154
0,thompson,658,melville,7.466092765331268
0,thompson,658,wells,7.271988232930501
0,thompson,658,austen,7.747790813446045
0,thompson,658,fitzgerald,7.303580125172933
0,thompson,658,twain,6.599902868270874
0,thompson,658,non_oz_baum,5.903870344161987
0,thompson,658,non_oz_thompson,6.346905946731567
0,thompson,658,contested,4.990202307701111
0,thompson,659,train,3.3588614563147225
0,thompson,659,baum,5.642076253890991
0,thompson,659,thompson,4.122089326381683
0,thompson,659,dickens,7.141093055407207
0,thompson,659,melville,7.446868419647217
0,thompson,659,wells,7.293487389882405
0,thompson,659,austen,7.700146436691284
0,thompson,659,fitzgerald,7.318800078497992
0,thompson,659,twain,6.593703428904216
0,thompson,659,non_oz_baum,5.896068572998047
0,thompson,659,non_oz_thompson,6.3661274909973145
0,thompson,659,contested,4.9842705726623535
0,thompson,660,train,3.382031073172888
0,thompson,660,baum,5.675831079483032
0,thompson,660,thompson,4.109166622161865
0,thompson,660,dickens,7.145057201385498
0,thompson,660,melville,7.491019010543823
0,thompson,660,wells,7.2826714515686035
0,thompson,660,austen,7.746423721313477
0,thompson,660,fitzgerald,7.329361491733128
0,thompson,660,twain,6.62612263361613
0,thompson,660,non_oz_baum,5.936635255813599
0,thompson,660,non_oz_thompson,6.36844277381897
0,thompson,660,contested,5.027297854423523
0,thompson,661,train,3.366126428047816
0,thompson,661,baum,5.615780591964722
0,thompson,661,thompson,4.115868389606476
0,thompson,661,dickens,7.146003762880961
0,thompson,661,melville,7.4713214635849
0,thompson,661,wells,7.282851537068685
0,thompson,661,austen,7.740408897399902
0,thompson,661,fitzgerald,7.282497035132514
0,thompson,661,twain,6.594924529393514
0,thompson,661,non_oz_baum,5.885888576507568
0,thompson,661,non_oz_thompson,6.355147838592529
0,thompson,661,contested,4.975721120834351
0,thompson,662,train,3.349291334549586
0,thompson,662,baum,5.659263730049133
0,thompson,662,thompson,4.116678178310394
0,thompson,662,dickens,7.156359314918518
0,thompson,662,melville,7.51547908782959
0,thompson,662,wells,7.282905578613281
0,thompson,662,austen,7.754606485366821
0,thompson,662,fitzgerald,7.330566618177626
0,thompson,662,twain,6.631825526555379
0,thompson,662,non_oz_baum,5.923115015029907
0,thompson,662,non_oz_thompson,6.36366605758667
0,thompson,662,contested,5.018679857254028
0,thompson,663,train,3.348835160334905
0,thompson,663,baum,5.650403261184692
0,thompson,663,thompson,4.115598917007446
0,thompson,663,dickens,7.160061319669087
0,thompson,663,melville,7.468311011791229
0,thompson,663,wells,7.299210548400879
0,thompson,663,austen,7.740534782409668
0,thompson,663,fitzgerald,7.326887978447808
0,thompson,663,twain,6.6162543296813965
0,thompson,663,non_oz_baum,5.900981426239014
0,thompson,663,non_oz_thompson,6.369585990905762
0,thompson,663,contested,5.009281635284424
0,thompson,664,train,3.346973866224289
0,thompson,664,baum,5.646819949150085
0,thompson,664,thompson,4.128946661949158
0,thompson,664,dickens,7.166161417961121
0,thompson,664,melville,7.480997681617737
0,thompson,664,wells,7.306730588277181
0,thompson,664,austen,7.749006509780884
0,thompson,664,fitzgerald,7.291896025339763
0,thompson,664,twain,6.605693419774373
0,thompson,664,non_oz_baum,5.901791453361511
0,thompson,664,non_oz_thompson,6.37969183921814
0,thompson,664,contested,5.005065202713013
0,thompson,665,train,3.353451818227768
0,thompson,665,baum,5.654015064239502
0,thompson,665,thompson,4.1190908551216125
0,thompson,665,dickens,7.153621435165405
0,thompson,665,melville,7.4675793051719666
0,thompson,665,wells,7.281752109527588
0,thompson,665,austen,7.7084574699401855
0,thompson,665,fitzgerald,7.307507779863146
0,thompson,665,twain,6.620340188344319
0,thompson,665,non_oz_baum,5.908982992172241
0,thompson,665,non_oz_thompson,6.370577335357666
0,thompson,665,contested,5.015697479248047
0,thompson,666,train,3.359445482492447
0,thompson,666,baum,5.665849566459656
0,thompson,666,thompson,4.104535400867462
0,thompson,666,dickens,7.157345692316691
0,thompson,666,melville,7.491337597370148
0,thompson,666,wells,7.291359901428223
0,thompson,666,austen,7.735003709793091
0,thompson,666,fitzgerald,7.292722119225396
0,thompson,666,twain,6.62263560295105
0,thompson,666,non_oz_baum,5.921984672546387
0,thompson,666,non_oz_thompson,6.356275796890259
0,thompson,666,contested,5.0174137353897095
0,thompson,667,train,3.340973883867264
0,thompson,667,baum,5.672582030296326
0,thompson,667,thompson,4.104627251625061
0,thompson,667,dickens,7.159405668576558
0,thompson,667,melville,7.508097231388092
0,thompson,667,wells,7.294079780578613
0,thompson,667,austen,7.757306337356567
0,thompson,667,fitzgerald,7.317151175604926
0,thompson,667,twain,6.639755566914876
0,thompson,667,non_oz_baum,5.926778316497803
0,thompson,667,non_oz_thompson,6.36433219909668
0,thompson,667,contested,5.027312517166138
0,thompson,668,train,3.3462494711081185
0,thompson,668,baum,5.638153553009033
0,thompson,668,thompson,4.122587084770203
0,thompson,668,dickens,7.154877424240112
0,thompson,668,melville,7.4696067571640015
0,thompson,668,wells,7.295693874359131
0,thompson,668,austen,7.673953771591186
0,thompson,668,fitzgerald,7.299138440026177
0,thompson,668,twain,6.605493942896525
0,thompson,668,non_oz_baum,5.890832543373108
0,thompson,668,non_oz_thompson,6.378683567047119
0,thompson,668,contested,5.01854133605957
0,thompson,669,train,3.3549392223358154
0,thompson,669,baum,5.661703705787659
0,thompson,669,thompson,4.119023978710175
0,thompson,669,dickens,7.172549923261006
0,thompson,669,melville,7.51245790719986
0,thompson,669,wells,7.329875469207764
0,thompson,669,austen,7.764161348342895
0,thompson,669,fitzgerald,7.295213328467475
0,thompson,669,twain,6.622838099797566
0,thompson,669,non_oz_baum,5.92167854309082
0,thompson,669,non_oz_thompson,6.374130964279175
0,thompson,669,contested,5.013494849205017
0,thompson,670,train,3.3478415310382843
0,thompson,670,baum,5.640798449516296
0,thompson,670,thompson,4.096337080001831
0,thompson,670,dickens,7.155544360478719
0,thompson,670,melville,7.495240569114685
0,thompson,670,wells,7.276567776997884
0,thompson,670,austen,7.741363525390625
0,thompson,670,fitzgerald,7.332110775841607
0,thompson,670,twain,6.635904550552368
0,thompson,670,non_oz_baum,5.911024689674377
0,thompson,670,non_oz_thompson,6.357954502105713
0,thompson,670,contested,5.015695571899414
0,thompson,671,train,3.3314545154571533
0,thompson,671,baum,5.707943797111511
0,thompson,671,thompson,4.138797700405121
0,thompson,671,dickens,7.245867252349853
0,thompson,671,melville,7.532359778881073
0,thompson,671,wells,7.358988444010417
0,thompson,671,austen,7.750738859176636
0,thompson,671,fitzgerald,7.394456174638536
0,thompson,671,twain,6.673994620641072
0,thompson,671,non_oz_baum,5.960922598838806
0,thompson,671,non_oz_thompson,6.447769165039063
0,thompson,671,contested,5.080120325088501
0,thompson,672,train,3.345275431871414
0,thompson,672,baum,5.696249008178711
0,thompson,672,thompson,4.108018279075623
0,thompson,672,dickens,7.189411918322246
0,thompson,672,melville,7.475278317928314
0,thompson,672,wells,7.304119904836019
0,thompson,672,austen,7.725533008575439
0,thompson,672,fitzgerald,7.356132984161377
0,thompson,672,twain,6.651416222254436
0,thompson,672,non_oz_baum,5.946665406227112
0,thompson,672,non_oz_thompson,6.391324281692505
0,thompson,672,contested,5.053269863128662
0,thompson,673,train,3.352745513121287
0,thompson,673,baum,5.643102169036865
0,thompson,673,thompson,4.100099265575409
0,thompson,673,dickens,7.133999149004619
0,thompson,673,melville,7.45454066991806
0,thompson,673,wells,7.286765734354655
0,thompson,673,austen,7.73630690574646
0,thompson,673,fitzgerald,7.270349502563477
0,thompson,673,twain,6.59471583366394
0,thompson,673,non_oz_baum,5.894639015197754
0,thompson,673,non_oz_thompson,6.354511499404907
0,thompson,673,contested,4.978646755218506
0,thompson,674,train,3.34270578622818
0,thompson,674,baum,5.672178864479065
0,thompson,674,thompson,4.121142864227295
0,thompson,674,dickens,7.197334170341492
0,thompson,674,melville,7.472477197647095
0,thompson,674,wells,7.346762180328369
0,thompson,674,austen,7.725567817687988
0,thompson,674,fitzgerald,7.372346454196506
0,thompson,674,twain,6.64061705271403
0,thompson,674,non_oz_baum,5.93139123916626
0,thompson,674,non_oz_thompson,6.421154022216797
0,thompson,674,contested,5.029676914215088
0,thompson,675,train,3.3421003023783364
0,thompson,675,baum,5.6683021783828735
0,thompson,675,thompson,4.098438620567322
0,thompson,675,dickens,7.145817995071411
0,thompson,675,melville,7.47785347700119
0,thompson,675,wells,7.2895863850911455
0,thompson,675,austen,7.724839210510254
0,thompson,675,fitzgerald,7.337604999542236
0,thompson,675,twain,6.640387455622355
0,thompson,675,non_oz_baum,5.929960370063782
0,thompson,675,non_oz_thompson,6.382159233093262
0,thompson,675,contested,5.033134460449219
0,thompson,676,train,3.338995387156805
0,thompson,676,baum,5.681116223335266
0,thompson,676,thompson,4.146529674530029
0,thompson,676,dickens,7.213826457659404
0,thompson,676,melville,7.491153657436371
0,thompson,676,wells,7.347156206766765
0,thompson,676,austen,7.765046119689941
0,thompson,676,fitzgerald,7.35282834370931
0,thompson,676,twain,6.635170618693034
0,thompson,676,non_oz_baum,5.938851475715637
0,thompson,676,non_oz_thompson,6.438495397567749
0,thompson,676,contested,5.05064332485199
0,thompson,677,train,3.32550060749054
0,thompson,677,baum,5.684360861778259
0,thompson,677,thompson,4.143811941146851
0,thompson,677,dickens,7.211642622947693
0,thompson,677,melville,7.5126994252204895
0,thompson,677,wells,7.342777729034424
0,thompson,677,austen,7.784146547317505
0,thompson,677,fitzgerald,7.3547312418619795
0,thompson,677,twain,6.638184309005737
0,thompson,677,non_oz_baum,5.929235339164734
0,thompson,677,non_oz_thompson,6.444276332855225
0,thompson,677,contested,5.049281477928162
0,thompson,678,train,3.332164446512858
0,thompson,678,baum,5.681482434272766
0,thompson,678,thompson,4.114456713199616
0,thompson,678,dickens,7.202335397402446
0,thompson,678,melville,7.489594221115112
0,thompson,678,wells,7.348185857137044
0,thompson,678,austen,7.752841949462891
0,thompson,678,fitzgerald,7.360782570309109
0,thompson,678,twain,6.654332081476848
0,thompson,678,non_oz_baum,5.947781682014465
0,thompson,678,non_oz_thompson,6.426322221755981
0,thompson,678,contested,5.044524431228638
0,thompson,679,train,3.3280453185240426
0,thompson,679,baum,5.663967847824097
0,thompson,679,thompson,4.091506004333496
0,thompson,679,dickens,7.173636714617412
0,thompson,679,melville,7.504996657371521
0,thompson,679,wells,7.305037021636963
0,thompson,679,austen,7.761457681655884
0,thompson,679,fitzgerald,7.365499019622803
0,thompson,679,twain,6.658359448115031
0,thompson,679,non_oz_baum,5.9460413455963135
0,thompson,679,non_oz_thompson,6.398697853088379
0,thompson,679,contested,5.044031977653503
0,thompson,680,train,3.313295791546504
0,thompson,680,baum,5.660115122795105
0,thompson,680,thompson,4.096884846687317
0,thompson,680,dickens,7.156291961669922
0,thompson,680,melville,7.465418577194214
0,thompson,680,wells,7.320033550262451
0,thompson,680,austen,7.731646776199341
0,thompson,680,fitzgerald,7.327716562483046
0,thompson,680,twain,6.63107180595398
0,thompson,680,non_oz_baum,5.922956824302673
0,thompson,680,non_oz_thompson,6.379916667938232
0,thompson,680,contested,5.008650660514832
0,thompson,681,train,3.330463995536169
0,thompson,681,baum,5.63798987865448
0,thompson,681,thompson,4.113256633281708
0,thompson,681,dickens,7.1677242914835615
0,thompson,681,melville,7.448468625545502
0,thompson,681,wells,7.353104591369629
0,thompson,681,austen,7.745272397994995
0,thompson,681,fitzgerald,7.288692368401421
0,thompson,681,twain,6.603148142496745
0,thompson,681,non_oz_baum,5.903333187103272
0,thompson,681,non_oz_thompson,6.380167245864868
0,thompson,681,contested,4.992215871810913
0,thompson,682,train,3.316646158695221
0,thompson,682,baum,5.651653647422791
0,thompson,682,thompson,4.063048481941223
0,thompson,682,dickens,7.120211760203044
0,thompson,682,melville,7.465131521224976
0,thompson,682,wells,7.246655623118083
0,thompson,682,austen,7.712530612945557
0,thompson,682,fitzgerald,7.317131360371907
0,thompson,682,twain,6.621892690658569
0,thompson,682,non_oz_baum,5.922074913978577
0,thompson,682,non_oz_thompson,6.3425915241241455
0,thompson,682,contested,5.013979434967041
0,thompson,683,train,3.328748653332392
0,thompson,683,baum,5.666692495346069
0,thompson,683,thompson,4.089717984199524
0,thompson,683,dickens,7.170011083285014
0,thompson,683,melville,7.489142417907715
0,thompson,683,wells,7.321087837219238
0,thompson,683,austen,7.751457691192627
0,thompson,683,fitzgerald,7.3327980571322975
0,thompson,683,twain,6.64675243695577
0,thompson,683,non_oz_baum,5.945915937423706
0,thompson,683,non_oz_thompson,6.376376152038574
0,thompson,683,contested,5.0233317613601685
0,thompson,684,train,3.294856230417887
0,thompson,684,baum,5.683122396469116
0,thompson,684,thompson,4.089823126792908
0,thompson,684,dickens,7.176674683888753
0,thompson,684,melville,7.475037395954132
0,thompson,684,wells,7.322903633117676
0,thompson,684,austen,7.727630853652954
0,thompson,684,fitzgerald,7.3639642927381725
0,thompson,684,twain,6.650124470392863
0,thompson,684,non_oz_baum,5.942133545875549
0,thompson,684,non_oz_thompson,6.38985800743103
0,thompson,684,contested,5.033910036087036
0,thompson,685,train,3.308310399452845
0,thompson,685,baum,5.706224203109741
0,thompson,685,thompson,4.095849096775055
0,thompson,685,dickens,7.1981397072474165
0,thompson,685,melville,7.556518375873566
0,thompson,685,wells,7.33110253016154
0,thompson,685,austen,7.8268468379974365
0,thompson,685,fitzgerald,7.3806933297051325
0,thompson,685,twain,6.6721510887146
0,thompson,685,non_oz_baum,5.952718615531921
0,thompson,685,non_oz_thompson,6.394001007080078
0,thompson,685,contested,5.037110447883606
0,thompson,686,train,3.3337322771549225
0,thompson,686,baum,5.714046001434326
0,thompson,686,thompson,4.128264129161835
0,thompson,686,dickens,7.222172379493713
0,thompson,686,melville,7.508050203323364
0,thompson,686,wells,7.377411524454753
0,thompson,686,austen,7.784032821655273
0,thompson,686,fitzgerald,7.354775428771973
0,thompson,686,twain,6.643171946207683
0,thompson,686,non_oz_baum,5.968542575836182
0,thompson,686,non_oz_thompson,6.43560528755188
0,thompson,686,contested,5.063936233520508
0,thompson,687,train,3.307611991961797
0,thompson,687,baum,5.70096480846405
0,thompson,687,thompson,4.086802840232849
0,thompson,687,dickens,7.181141177813212
0,thompson,687,melville,7.518125534057617
0,thompson,687,wells,7.348035176595052
0,thompson,687,austen,7.771777629852295
0,thompson,687,fitzgerald,7.359501944647895
0,thompson,687,twain,6.670048713684082
0,thompson,687,non_oz_baum,5.965768814086914
0,thompson,687,non_oz_thompson,6.397331714630127
0,thompson,687,contested,5.037325978279114
0,thompson,688,train,3.321566561857859
0,thompson,688,baum,5.697337508201599
0,thompson,688,thompson,4.120547115802765
0,thompson,688,dickens,7.201804876327515
0,thompson,688,melville,7.508644163608551
0,thompson,688,wells,7.338627497355143
0,thompson,688,austen,7.758848190307617
0,thompson,688,fitzgerald,7.394719335767958
0,thompson,688,twain,6.662437359491984
0,thompson,688,non_oz_baum,5.949130296707153
0,thompson,688,non_oz_thompson,6.44608998298645
0,thompson,688,contested,5.065880417823792
0,thompson,689,train,3.3265761335690818
0,thompson,689,baum,5.700409412384033
0,thompson,689,thompson,4.11766916513443
0,thompson,689,dickens,7.20616861184438
0,thompson,689,melville,7.495903670787811
0,thompson,689,wells,7.372136116027832
0,thompson,689,austen,7.767418384552002
0,thompson,689,fitzgerald,7.372700691223144
0,thompson,689,twain,6.659838676452637
0,thompson,689,non_oz_baum,5.960558533668518
0,thompson,689,non_oz_thompson,6.432342290878296
0,thompson,689,contested,5.054183840751648
0,thompson,690,train,3.3132463991642
0,thompson,690,baum,5.721192121505737
0,thompson,690,thompson,4.111643314361572
0,thompson,690,dickens,7.216851234436035
0,thompson,690,melville,7.537767589092255
0,thompson,690,wells,7.35750150680542
0,thompson,690,austen,7.797995328903198
0,thompson,690,fitzgerald,7.390494558546278
0,thompson,690,twain,6.672866503397624
0,thompson,690,non_oz_baum,5.964376211166382
0,thompson,690,non_oz_thompson,6.4246203899383545
0,thompson,690,contested,5.054094195365906
0,thompson,691,train,3.305378129084905
0,thompson,691,baum,5.69902491569519
0,thompson,691,thompson,4.098251640796661
0,thompson,691,dickens,7.206002751986186
0,thompson,691,melville,7.546749114990234
0,thompson,691,wells,7.351081212361653
0,thompson,691,austen,7.789375305175781
0,thompson,691,fitzgerald,7.412161297268337
0,thompson,691,twain,6.684557199478149
0,thompson,691,non_oz_baum,5.967968583106995
0,thompson,691,non_oz_thompson,6.421227931976318
0,thompson,691,contested,5.05194365978241
0,thompson,692,train,3.3082793951034546
0,thompson,692,baum,5.67446231842041
0,thompson,692,thompson,4.092109441757202
0,thompson,692,dickens,7.183815320332845
0,thompson,692,melville,7.482838630676269
0,thompson,692,wells,7.338654518127441
0,thompson,692,austen,7.732070446014404
0,thompson,692,fitzgerald,7.336124367184109
0,thompson,692,twain,6.652105490366618
0,thompson,692,non_oz_baum,5.9437782764434814
0,thompson,692,non_oz_thompson,6.412744045257568
0,thompson,692,contested,5.035742998123169
0,thompson,693,train,3.309569408496221
0,thompson,693,baum,5.718678116798401
0,thompson,693,thompson,4.111136734485626
0,thompson,693,dickens,7.232289592425029
0,thompson,693,melville,7.521939337253571
0,thompson,693,wells,7.379894097646077
0,thompson,693,austen,7.815252065658569
0,thompson,693,fitzgerald,7.392416000366211
0,thompson,693,twain,6.689569473266602
0,thompson,693,non_oz_baum,5.976769328117371
0,thompson,693,non_oz_thompson,6.428403854370117
0,thompson,693,contested,5.0584986209869385
0,thompson,694,train,3.300251473983129
0,thompson,694,baum,5.722106099128723
0,thompson,694,thompson,4.118638873100281
0,thompson,694,dickens,7.220215916633606
0,thompson,694,melville,7.478094041347504
0,thompson,694,wells,7.362491130828857
0,thompson,694,austen,7.722099542617798
0,thompson,694,fitzgerald,7.380387941996257
0,thompson,694,twain,6.68204927444458
0,thompson,694,non_oz_baum,5.985319137573242
0,thompson,694,non_oz_thompson,6.4666595458984375
0,thompson,694,contested,5.094885230064392
0,thompson,695,train,3.306538542111715
0,thompson,695,baum,5.693836569786072
0,thompson,695,thompson,4.0630635023117065
0,thompson,695,dickens,7.170583367347717
0,thompson,695,melville,7.509769082069397
0,thompson,695,wells,7.321851094563802
0,thompson,695,austen,7.777275323867798
0,thompson,695,fitzgerald,7.366953214009603
0,thompson,695,twain,6.673733711242676
0,thompson,695,non_oz_baum,5.959882378578186
0,thompson,695,non_oz_thompson,6.381677150726318
0,thompson,695,contested,5.038945555686951
0,thompson,696,train,3.2933752238750458
0,thompson,696,baum,5.694699883460999
0,thompson,696,thompson,4.079868018627167
0,thompson,696,dickens,7.149118383725484
0,thompson,696,melville,7.440797507762909
0,thompson,696,wells,7.294006665547688
0,thompson,696,austen,7.684617042541504
0,thompson,696,fitzgerald,7.3345316251118975
0,thompson,696,twain,6.636770486831665
0,thompson,696,non_oz_baum,5.93868350982666
0,thompson,696,non_oz_thompson,6.389941215515137
0,thompson,696,contested,5.039841055870056
0,thompson,697,train,3.294624318679174
0,thompson,697,baum,5.692166686058044
0,thompson,697,thompson,4.128978729248047
0,thompson,697,dickens,7.231987476348877
0,thompson,697,melville,7.515585243701935
0,thompson,697,wells,7.393300533294678
0,thompson,697,austen,7.81233549118042
0,thompson,697,fitzgerald,7.366460270351833
0,thompson,697,twain,6.644549449284871
0,thompson,697,non_oz_baum,5.943662166595459
0,thompson,697,non_oz_thompson,6.444531202316284
0,thompson,697,contested,5.0448044538497925
0,thompson,698,train,3.2934488554795585
0,thompson,698,baum,5.694369196891785
0,thompson,698,thompson,4.106761634349823
0,thompson,698,dickens,7.2170463403066
0,thompson,698,melville,7.501491010189056
0,thompson,698,wells,7.361833254496257
0,thompson,698,austen,7.731187582015991
0,thompson,698,fitzgerald,7.403965314229329
0,thompson,698,twain,6.682798624038696
0,thompson,698,non_oz_baum,5.960367321968079
0,thompson,698,non_oz_thompson,6.455574989318848
0,thompson,698,contested,5.069838523864746
0,thompson,699,train,3.297468721866608
0,thompson,699,baum,5.690235733985901
0,thompson,699,thompson,4.116496682167053
0,thompson,699,dickens,7.237097938855489
0,thompson,699,melville,7.555070459842682
0,thompson,699,wells,7.384864648183186
0,thompson,699,austen,7.836689472198486
0,thompson,699,fitzgerald,7.400777922736274
0,thompson,699,twain,6.677332162857056
0,thompson,699,non_oz_baum,5.957258701324463
0,thompson,699,non_oz_thompson,6.444448709487915
0,thompson,699,contested,5.047215342521668
0,thompson,700,train,3.3066559036572776
0,thompson,700,baum,5.691824793815613
0,thompson,700,thompson,4.080407738685608
0,thompson,700,dickens,7.179225206375122
0,thompson,700,melville,7.511550605297089
0,thompson,700,wells,7.336778481801351
0,thompson,700,austen,7.772711038589477
0,thompson,700,fitzgerald,7.392518785264757
0,thompson,700,twain,6.688530842463176
0,thompson,700,non_oz_baum,5.979430079460144
0,thompson,700,non_oz_thompson,6.40833854675293
0,thompson,700,contested,5.055669188499451
0,thompson,701,train,3.2958797613779702
0,thompson,701,baum,5.663972496986389
0,thompson,701,thompson,4.08168226480484
0,thompson,701,dickens,7.227825403213501
0,thompson,701,melville,7.578306257724762
0,thompson,701,wells,7.376475969950358
0,thompson,701,austen,7.846569538116455
0,thompson,701,fitzgerald,7.414784484439426
0,thompson,701,twain,6.691105604171753
0,thompson,701,non_oz_baum,5.958679437637329
0,thompson,701,non_oz_thompson,6.41597843170166
0,thompson,701,contested,5.0247262716293335
0,thompson,702,train,3.2960147857666016
0,thompson,702,baum,5.731190323829651
0,thompson,702,thompson,4.135191977024078
0,thompson,702,dickens,7.293740749359131
0,thompson,702,melville,7.580880284309387
0,thompson,702,wells,7.428068955739339
0,thompson,702,austen,7.894557237625122
0,thompson,702,fitzgerald,7.435801876915826
0,thompson,702,twain,6.6934865315755205
0,thompson,702,non_oz_baum,5.977183222770691
0,thompson,702,non_oz_thompson,6.47235631942749
0,thompson,702,contested,5.075341463088989
0,thompson,703,train,3.2993733286857605
0,thompson,703,baum,5.709569931030273
0,thompson,703,thompson,4.085480749607086
0,thompson,703,dickens,7.214781562487285
0,thompson,703,melville,7.514793872833252
0,thompson,703,wells,7.343738396962483
0,thompson,703,austen,7.744335651397705
0,thompson,703,fitzgerald,7.405152479807536
0,thompson,703,twain,6.691563606262207
0,thompson,703,non_oz_baum,5.973238706588745
0,thompson,703,non_oz_thompson,6.431729793548584
0,thompson,703,contested,5.073599934577942
0,thompson,704,train,3.2899801234404245
0,thompson,704,baum,5.738642692565918
0,thompson,704,thompson,4.119413495063782
0,thompson,704,dickens,7.274903496106465
0,thompson,704,melville,7.575455844402313
0,thompson,704,wells,7.404439767201741
0,thompson,704,austen,7.810288429260254
0,thompson,704,fitzgerald,7.445078796810574
0,thompson,704,twain,6.7420280774434405
0,thompson,704,non_oz_baum,6.010510921478272
0,thompson,704,non_oz_thompson,6.47511887550354
0,thompson,704,contested,5.096553206443787
0,thompson,705,train,3.2819111347198486
0,thompson,705,baum,5.730183959007263
0,thompson,705,thompson,4.101106405258179
0,thompson,705,dickens,7.232331871986389
0,thompson,705,melville,7.575388789176941
0,thompson,705,wells,7.365716775258382
0,thompson,705,austen,7.837542772293091
0,thompson,705,fitzgerald,7.394692738850911
0,thompson,705,twain,6.696899652481079
0,thompson,705,non_oz_baum,5.987129926681519
0,thompson,705,non_oz_thompson,6.432552814483643
0,thompson,705,contested,5.063464045524597
0,thompson,706,train,3.2923826475938163
0,thompson,706,baum,5.729371905326843
0,thompson,706,thompson,4.109701693058014
0,thompson,706,dickens,7.265434821446736
0,thompson,706,melville,7.581704437732696
0,thompson,706,wells,7.418122927347819
0,thompson,706,austen,7.871713161468506
0,thompson,706,fitzgerald,7.444681220584446
0,thompson,706,twain,6.70756475130717
0,thompson,706,non_oz_baum,5.976561427116394
0,thompson,706,non_oz_thompson,6.449138402938843
0,thompson,706,contested,5.058988332748413
0,thompson,707,train,3.279495447874069
0,thompson,707,baum,5.754215359687805
0,thompson,707,thompson,4.111854434013367
0,thompson,707,dickens,7.304598569869995
0,thompson,707,melville,7.649457633495331
0,thompson,707,wells,7.45138947168986
0,thompson,707,austen,7.937529802322388
0,thompson,707,fitzgerald,7.498200363583034
0,thompson,707,twain,6.7525215943654375
0,thompson,707,non_oz_baum,6.016480445861816
0,thompson,707,non_oz_thompson,6.468601226806641
0,thompson,707,contested,5.091343522071838
0,thompson,708,train,3.2759528954823813
0,thompson,708,baum,5.743069171905518
0,thompson,708,thompson,4.111835777759552
0,thompson,708,dickens,7.279229799906413
0,thompson,708,melville,7.60983395576477
0,thompson,708,wells,7.417572180430095
0,thompson,708,austen,7.8826422691345215
0,thompson,708,fitzgerald,7.476427502102322
0,thompson,708,twain,6.7362620035807295
0,thompson,708,non_oz_baum,6.008170247077942
0,thompson,708,non_oz_thompson,6.483587026596069
0,thompson,708,contested,5.095296263694763
0,thompson,709,train,3.294067760308584
0,thompson,709,baum,5.703561067581177
0,thompson,709,thompson,4.093454778194428
0,thompson,709,dickens,7.222521384557088
0,thompson,709,melville,7.546858787536621
0,thompson,709,wells,7.379336516062419
0,thompson,709,austen,7.819119453430176
0,thompson,709,fitzgerald,7.415757338205974
0,thompson,709,twain,6.682441155115764
0,thompson,709,non_oz_baum,5.954487919807434
0,thompson,709,non_oz_thompson,6.426083326339722
0,thompson,709,contested,5.035881161689758
0,thompson,710,train,3.267973760763804
0,thompson,710,baum,5.726369142532349
0,thompson,710,thompson,4.096064627170563
0,thompson,710,dickens,7.231871644655864
0,thompson,710,melville,7.554974436759949
0,thompson,710,wells,7.37603219350179
0,thompson,710,austen,7.827683448791504
0,thompson,710,fitzgerald,7.409168508317736
0,thompson,710,twain,6.69673506418864
0,thompson,710,non_oz_baum,5.984536647796631
0,thompson,710,non_oz_thompson,6.440829753875732
0,thompson,710,contested,5.065577507019043
0,thompson,711,train,3.275569995244344
0,thompson,711,baum,5.719882488250732
0,thompson,711,thompson,4.125435471534729
0,thompson,711,dickens,7.268287142117818
0,thompson,711,melville,7.497382819652557
0,thompson,711,wells,7.422968069712321
0,thompson,711,austen,7.802788496017456
0,thompson,711,fitzgerald,7.423381169637044
0,thompson,711,twain,6.684152841567993
0,thompson,711,non_oz_baum,5.971081614494324
0,thompson,711,non_oz_thompson,6.479156255722046
0,thompson,711,contested,5.0681750774383545
0,thompson,712,train,3.2681827346483865
0,thompson,712,baum,5.712704062461853
0,thompson,712,thompson,4.123548030853272
0,thompson,712,dickens,7.285995602607727
0,thompson,712,melville,7.5637205839157104
0,thompson,712,wells,7.426112810770671
0,thompson,712,austen,7.8815178871154785
0,thompson,712,fitzgerald,7.445093737708198
0,thompson,712,twain,6.707527716954549
0,thompson,712,non_oz_baum,5.978610515594482
0,thompson,712,non_oz_thompson,6.478291273117065
0,thompson,712,contested,5.065797448158264
0,thompson,713,train,3.284589886665344
0,thompson,713,baum,5.702866673469544
0,thompson,713,thompson,4.106432318687439
0,thompson,713,dickens,7.281164646148682
0,thompson,713,melville,7.568709015846252
0,thompson,713,wells,7.415104866027832
0,thompson,713,austen,7.882061243057251
0,thompson,713,fitzgerald,7.445365693834093
0,thompson,713,twain,6.696826934814453
0,thompson,713,non_oz_baum,5.9712153673172
0,thompson,713,non_oz_thompson,6.470692873001099
0,thompson,713,contested,5.057821273803711
0,thompson,714,train,3.2599726021289825
0,thompson,714,baum,5.728951573371887
0,thompson,714,thompson,4.093346357345581
0,thompson,714,dickens,7.282795627911885
0,thompson,714,melville,7.59039831161499
0,thompson,714,wells,7.4146833419799805
0,thompson,714,austen,7.845014572143555
0,thompson,714,fitzgerald,7.453513145446777
0,thompson,714,twain,6.749772071838379
0,thompson,714,non_oz_baum,6.0104533433914185
0,thompson,714,non_oz_thompson,6.469243288040161
0,thompson,714,contested,5.091587066650391
0,thompson,715,train,3.280808349450429
0,thompson,715,baum,5.71690571308136
0,thompson,715,thompson,4.095103442668915
0,thompson,715,dickens,7.292638897895813
0,thompson,715,melville,7.612358033657074
0,thompson,715,wells,7.430920918782552
0,thompson,715,austen,7.878496885299683
0,thompson,715,fitzgerald,7.486597379048665
0,thompson,715,twain,6.729976177215576
0,thompson,715,non_oz_baum,5.981172680854797
0,thompson,715,non_oz_thompson,6.482166528701782
0,thompson,715,contested,5.059687972068787
0,thompson,716,train,3.2672350108623505
0,thompson,716,baum,5.702329516410828
0,thompson,716,thompson,4.112336695194244
0,thompson,716,dickens,7.255268971125285
0,thompson,716,melville,7.54389762878418
0,thompson,716,wells,7.414708455403645
0,thompson,716,austen,7.862591743469238
0,thompson,716,fitzgerald,7.394061141543919
0,thompson,716,twain,6.69188125928243
0,thompson,716,non_oz_baum,5.979626297950745
0,thompson,716,non_oz_thompson,6.460169553756714
0,thompson,716,contested,5.0548624992370605
0,thompson,717,train,3.276613016923269
0,thompson,717,baum,5.766281127929688
0,thompson,717,thompson,4.113871276378632
0,thompson,717,dickens,7.3148690064748125
0,thompson,717,melville,7.626052618026733
0,thompson,717,wells,7.482500235239665
0,thompson,717,austen,7.906070232391357
0,thompson,717,fitzgerald,7.465706666310628
0,thompson,717,twain,6.758914550145467
0,thompson,717,non_oz_baum,6.02912437915802
0,thompson,717,non_oz_thompson,6.492286205291748
0,thompson,717,contested,5.102208495140076
0,thompson,718,train,3.2596473892529807
0,thompson,718,baum,5.709851503372192
0,thompson,718,thompson,4.080503404140472
0,thompson,718,dickens,7.250030040740967
0,thompson,718,melville,7.555489480495453
0,thompson,718,wells,7.377845923105876
0,thompson,718,austen,7.802197694778442
0,thompson,718,fitzgerald,7.418034447564019
0,thompson,718,twain,6.705346425374349
0,thompson,718,non_oz_baum,5.988548159599304
0,thompson,718,non_oz_thompson,6.471503973007202
0,thompson,718,contested,5.074446678161621
0,thompson,719,train,3.252515097459157
0,thompson,719,baum,5.716008305549622
0,thompson,719,thompson,4.089266240596771
0,thompson,719,dickens,7.264361937840779
0,thompson,719,melville,7.595631539821625
0,thompson,719,wells,7.403343836466472
0,thompson,719,austen,7.8325419425964355
0,thompson,719,fitzgerald,7.457265853881836
0,thompson,719,twain,6.733831803003947
0,thompson,719,non_oz_baum,5.98952841758728
0,thompson,719,non_oz_thompson,6.463819742202759
0,thompson,719,contested,5.080653786659241
0,thompson,720,train,3.2699958880742392
0,thompson,720,baum,5.74741804599762
0,thompson,720,thompson,4.091518819332123
0,thompson,720,dickens,7.297970652580261
0,thompson,720,melville,7.643169105052948
0,thompson,720,wells,7.417256037394206
0,thompson,720,austen,7.890517950057983
0,thompson,720,fitzgerald,7.493619600931804
0,thompson,720,twain,6.758675257364909
0,thompson,720,non_oz_baum,6.0158164501190186
0,thompson,720,non_oz_thompson,6.48275637626648
0,thompson,720,contested,5.110233545303345
0,thompson,721,train,3.2470412949721017
0,thompson,721,baum,5.751956343650818
0,thompson,721,thompson,4.099867403507233
0,thompson,721,dickens,7.327603022257487
0,thompson,721,melville,7.640439331531525
0,thompson,721,wells,7.440699736277263
0,thompson,721,austen,7.900041103363037
0,thompson,721,fitzgerald,7.526501655578613
0,thompson,721,twain,6.775790373484294
0,thompson,721,non_oz_baum,6.044867157936096
0,thompson,721,non_oz_thompson,6.513146638870239
0,thompson,721,contested,5.119293570518494
0,thompson,722,train,3.248228460550308
0,thompson,722,baum,5.737981677055359
0,thompson,722,thompson,4.078407287597656
0,thompson,722,dickens,7.291657010714213
0,thompson,722,melville,7.617302775382996
0,thompson,722,wells,7.41554594039917
0,thompson,722,austen,7.8510191440582275
0,thompson,722,fitzgerald,7.500735229916042
0,thompson,722,twain,6.762370030085246
0,thompson,722,non_oz_baum,6.017218232154846
0,thompson,722,non_oz_thompson,6.477323532104492
0,thompson,722,contested,5.080092787742615
0,thompson,723,train,3.2590936621030173
0,thompson,723,baum,5.769671440124512
0,thompson,723,thompson,4.100356817245483
0,thompson,723,dickens,7.310510873794556
0,thompson,723,melville,7.627627909183502
0,thompson,723,wells,7.44306739171346
0,thompson,723,austen,7.945757150650024
0,thompson,723,fitzgerald,7.468928707970513
0,thompson,723,twain,6.750243345896403
0,thompson,723,non_oz_baum,6.032522439956665
0,thompson,723,non_oz_thompson,6.485665798187256
0,thompson,723,contested,5.103843688964844
0,thompson,724,train,3.2617417176564536
0,thompson,724,baum,5.750636100769043
0,thompson,724,thompson,4.106975972652435
0,thompson,724,dickens,7.344232320785522
0,thompson,724,melville,7.667991757392883
0,thompson,724,wells,7.488306363423665
0,thompson,724,austen,7.955502510070801
0,thompson,724,fitzgerald,7.520780351426866
0,thompson,724,twain,6.76640772819519
0,thompson,724,non_oz_baum,6.016481280326843
0,thompson,724,non_oz_thompson,6.499607801437378
0,thompson,724,contested,5.083753228187561
0,thompson,725,train,3.240198701620102
0,thompson,725,baum,5.745943784713745
0,thompson,725,thompson,4.1074594259262085
0,thompson,725,dickens,7.308940887451172
0,thompson,725,melville,7.577362835407257
0,thompson,725,wells,7.431812286376953
0,thompson,725,austen,7.831315755844116
0,thompson,725,fitzgerald,7.4834525850084095
0,thompson,725,twain,6.750265121459961
0,thompson,725,non_oz_baum,6.019307971000671
0,thompson,725,non_oz_thompson,6.50958776473999
0,thompson,725,contested,5.102185368537903
0,thompson,726,train,3.2603171666463218
0,thompson,726,baum,5.7484190464019775
0,thompson,726,thompson,4.054051220417023
0,thompson,726,dickens,7.270202875137329
0,thompson,726,melville,7.627444505691528
0,thompson,726,wells,7.39361572265625
0,thompson,726,austen,7.882643461227417
0,thompson,726,fitzgerald,7.4692642953660755
0,thompson,726,twain,6.754589478174846
0,thompson,726,non_oz_baum,6.021779417991638
0,thompson,726,non_oz_thompson,6.447551727294922
0,thompson,726,contested,5.084027647972107
0,thompson,727,train,3.259421775738398
0,thompson,727,baum,5.751001715660095
0,thompson,727,thompson,4.094529926776886
0,thompson,727,dickens,7.288066546122233
0,thompson,727,melville,7.589177787303925
0,thompson,727,wells,7.437725861867269
0,thompson,727,austen,7.839889287948608
0,thompson,727,fitzgerald,7.459009488423665
0,thompson,727,twain,6.740437746047974
0,thompson,727,non_oz_baum,6.02743411064148
0,thompson,727,non_oz_thompson,6.485425233840942
0,thompson,727,contested,5.093571662902832
0,thompson,728,train,3.257408916950226
0,thompson,728,baum,5.773111343383789
0,thompson,728,thompson,4.09115606546402
0,thompson,728,dickens,7.295509974161784
0,thompson,728,melville,7.604277372360229
0,thompson,728,wells,7.439644972483317
0,thompson,728,austen,7.882662773132324
0,thompson,728,fitzgerald,7.46776623196072
0,thompson,728,twain,6.756881475448608
0,thompson,728,non_oz_baum,6.030308723449707
0,thompson,728,non_oz_thompson,6.492020130157471
0,thompson,728,contested,5.10391902923584
0,thompson,729,train,3.2519909342130027
0,thompson,729,baum,5.751301407814026
0,thompson,729,thompson,4.1230862736701965
0,thompson,729,dickens,7.345972537994385
0,thompson,729,melville,7.591595768928528
0,thompson,729,wells,7.492058753967285
0,thompson,729,austen,7.8345046043396
0,thompson,729,fitzgerald,7.519967926873101
0,thompson,729,twain,6.776495774586995
0,thompson,729,non_oz_baum,6.0259586572647095
0,thompson,729,non_oz_thompson,6.5428619384765625
0,thompson,729,contested,5.116351962089539
0,thompson,730,train,3.245377480983734
0,thompson,730,baum,5.750730991363525
0,thompson,730,thompson,4.104274451732636
0,thompson,730,dickens,7.3156587680180865
0,thompson,730,melville,7.600020051002502
0,thompson,730,wells,7.459261099497477
0,thompson,730,austen,7.83771014213562
0,thompson,730,fitzgerald,7.512770599789089
0,thompson,730,twain,6.755608876546224
0,thompson,730,non_oz_baum,6.026575088500977
0,thompson,730,non_oz_thompson,6.525336742401123
0,thompson,730,contested,5.102556943893433
0,thompson,731,train,3.2387976745764413
0,thompson,731,baum,5.730491876602173
0,thompson,731,thompson,4.081230163574219
0,thompson,731,dickens,7.271935780843099
0,thompson,731,melville,7.580574989318848
0,thompson,731,wells,7.427120526631673
0,thompson,731,austen,7.849935293197632
0,thompson,731,fitzgerald,7.442776627010769
0,thompson,731,twain,6.72872273127238
0,thompson,731,non_oz_baum,6.008723616600037
0,thompson,731,non_oz_thompson,6.4783854484558105
0,thompson,731,contested,5.074873328208923
0,thompson,732,train,3.2387699683507285
0,thompson,732,baum,5.73814868927002
0,thompson,732,thompson,4.088585317134857
0,thompson,732,dickens,7.313876668612163
0,thompson,732,melville,7.599963903427124
0,thompson,732,wells,7.452127774556478
0,thompson,732,austen,7.871150493621826
0,thompson,732,fitzgerald,7.492674191792806
0,thompson,732,twain,6.750446637471517
0,thompson,732,non_oz_baum,6.010089635848999
0,thompson,732,non_oz_thompson,6.500910997390747
0,thompson,732,contested,5.088557839393616
0,thompson,733,train,3.245675712823868
0,thompson,733,baum,5.769931674003601
0,thompson,733,thompson,4.099901616573334
0,thompson,733,dickens,7.335134545962016
0,thompson,733,melville,7.611110031604767
0,thompson,733,wells,7.50245459874471
0,thompson,733,austen,7.8868772983551025
0,thompson,733,fitzgerald,7.533713976542155
0,thompson,733,twain,6.7904558181762695
0,thompson,733,non_oz_baum,6.054115891456604
0,thompson,733,non_oz_thompson,6.531735897064209
0,thompson,733,contested,5.115062952041626
0,thompson,734,train,3.2490373949209848
0,thompson,734,baum,5.775081753730774
0,thompson,734,thompson,4.078723907470703
0,thompson,734,dickens,7.302419344584147
0,thompson,734,melville,7.618521928787231
0,thompson,734,wells,7.451479276021321
0,thompson,734,austen,7.908003807067871
0,thompson,734,fitzgerald,7.465950753953722
0,thompson,734,twain,6.761447985967
0,thompson,734,non_oz_baum,6.04438328742981
0,thompson,734,non_oz_thompson,6.491666793823242
0,thompson,734,contested,5.1065990924835205
0,thompson,735,train,3.244219700495402
0,thompson,735,baum,5.767563939094544
0,thompson,735,thompson,4.077980816364288
0,thompson,735,dickens,7.28140660127004
0,thompson,735,melville,7.582337439060211
0,thompson,735,wells,7.406525452931722
0,thompson,735,austen,7.80968165397644
0,thompson,735,fitzgerald,7.492829693688287
0,thompson,735,twain,6.7736639976501465
0,thompson,735,non_oz_baum,6.051069259643555
0,thompson,735,non_oz_thompson,6.49226450920105
0,thompson,735,contested,5.131059408187866
0,thompson,736,train,3.232546200354894
0,thompson,736,baum,5.765914916992188
0,thompson,736,thompson,4.078774452209473
0,thompson,736,dickens,7.287097414334615
0,thompson,736,melville,7.577657282352447
0,thompson,736,wells,7.436072826385498
0,thompson,736,austen,7.848065614700317
0,thompson,736,fitzgerald,7.455890549553765
0,thompson,736,twain,6.752392768859863
0,thompson,736,non_oz_baum,6.0387080907821655
0,thompson,736,non_oz_thompson,6.49374532699585
0,thompson,736,contested,5.109475374221802
0,thompson,737,train,3.2438624501228333
0,thompson,737,baum,5.780219674110413
0,thompson,737,thompson,4.1067957282066345
0,thompson,737,dickens,7.374378522237142
0,thompson,737,melville,7.618566930294037
0,thompson,737,wells,7.514776388804118
0,thompson,737,austen,7.85896635055542
0,thompson,737,fitzgerald,7.536923885345459
0,thompson,737,twain,6.800209045410156
0,thompson,737,non_oz_baum,6.070136904716492
0,thompson,737,non_oz_thompson,6.560928106307983
0,thompson,737,contested,5.144551992416382
0,thompson,738,train,3.2356297771135965
0,thompson,738,baum,5.77560818195343
0,thompson,738,thompson,4.10616534948349
0,thompson,738,dickens,7.334100127220154
0,thompson,738,melville,7.605942368507385
0,thompson,738,wells,7.48209794362386
0,thompson,738,austen,7.896663904190063
0,thompson,738,fitzgerald,7.509225845336914
0,thompson,738,twain,6.752596855163574
0,thompson,738,non_oz_baum,6.032253861427307
0,thompson,738,non_oz_thompson,6.525141716003418
0,thompson,738,contested,5.115607142448425
0,thompson,739,train,3.226289371649424
0,thompson,739,baum,5.761226058006287
0,thompson,739,thompson,4.066300213336945
0,thompson,739,dickens,7.301531354586284
0,thompson,739,melville,7.623928129673004
0,thompson,739,wells,7.427512168884277
0,thompson,739,austen,7.880599737167358
0,thompson,739,fitzgerald,7.521650155385335
0,thompson,739,twain,6.773721059163411
0,thompson,739,non_oz_baum,6.031507968902588
0,thompson,739,non_oz_thompson,6.473758935928345
0,thompson,739,contested,5.1079583168029785
0,thompson,740,train,3.2349715729554496
0,thompson,740,baum,5.768128514289856
0,thompson,740,thompson,4.096940100193024
0,thompson,740,dickens,7.35364305973053
0,thompson,740,melville,7.657433032989502
0,thompson,740,wells,7.486183484395345
0,thompson,740,austen,7.941854238510132
0,thompson,740,fitzgerald,7.531022018856472
0,thompson,740,twain,6.795328458150228
0,thompson,740,non_oz_baum,6.049704194068909
0,thompson,740,non_oz_thompson,6.528972387313843
0,thompson,740,contested,5.114786863327026
0,thompson,741,train,3.2276105086008706
0,thompson,741,baum,5.794403791427612
0,thompson,741,thompson,4.106193125247955
0,thompson,741,dickens,7.340508699417114
0,thompson,741,melville,7.621234774589539
0,thompson,741,wells,7.471363226572673
0,thompson,741,austen,7.9332215785980225
0,thompson,741,fitzgerald,7.483206642998589
0,thompson,741,twain,6.7578238646189375
0,thompson,741,non_oz_baum,6.042612433433533
0,thompson,741,non_oz_thompson,6.529947280883789
0,thompson,741,contested,5.11669647693634
0,thompson,742,train,3.220990081628164
0,thompson,742,baum,5.791549682617188
0,thompson,742,thompson,4.097363352775574
0,thompson,742,dickens,7.373869776725769
0,thompson,742,melville,7.6786946058273315
0,thompson,742,wells,7.491336186726888
0,thompson,742,austen,7.981093406677246
0,thompson,742,fitzgerald,7.548031753963894
0,thompson,742,twain,6.806754509607951
0,thompson,742,non_oz_baum,6.077243685722351
0,thompson,742,non_oz_thompson,6.54174017906189
0,thompson,742,contested,5.143354535102844
0,thompson,743,train,3.21659987171491
0,thompson,743,baum,5.779477596282959
0,thompson,743,thompson,4.098309576511383
0,thompson,743,dickens,7.335472663243611
0,thompson,743,melville,7.615770220756531
0,thompson,743,wells,7.465259552001953
0,thompson,743,austen,7.931280612945557
0,thompson,743,fitzgerald,7.502718183729383
0,thompson,743,twain,6.755298455556233
0,thompson,743,non_oz_baum,6.038908958435059
0,thompson,743,non_oz_thompson,6.513871908187866
0,thompson,743,contested,5.111691236495972
0,thompson,744,train,3.2270444532235465
0,thompson,744,baum,5.816130757331848
0,thompson,744,thompson,4.097592711448669
0,thompson,744,dickens,7.366227110226949
0,thompson,744,melville,7.683702349662781
0,thompson,744,wells,7.476013660430908
0,thompson,744,austen,7.976375102996826
0,thompson,744,fitzgerald,7.527948326534695
0,thompson,744,twain,6.801234483718872
0,thompson,744,non_oz_baum,6.081629991531372
0,thompson,744,non_oz_thompson,6.54770565032959
0,thompson,744,contested,5.164211988449097
0,thompson,745,train,3.220295190811157
0,thompson,745,baum,5.792617678642273
0,thompson,745,thompson,4.128672540187836
0,thompson,745,dickens,7.348271290461223
0,thompson,745,melville,7.564385414123535
0,thompson,745,wells,7.52629820505778
0,thompson,745,austen,7.865078687667847
0,thompson,745,fitzgerald,7.485929383171929
0,thompson,745,twain,6.748542308807373
0,thompson,745,non_oz_baum,6.03585422039032
0,thompson,745,non_oz_thompson,6.561556577682495
0,thompson,745,contested,5.121327996253967
0,thompson,746,train,3.22431156039238
0,thompson,746,baum,5.749563455581665
0,thompson,746,thompson,4.081879317760468
0,thompson,746,dickens,7.329685966173808
0,thompson,746,melville,7.642545640468597
0,thompson,746,wells,7.476199467976888
0,thompson,746,austen,7.9431376457214355
0,thompson,746,fitzgerald,7.498508983188206
0,thompson,746,twain,6.753687858581543
0,thompson,746,non_oz_baum,6.020092248916626
0,thompson,746,non_oz_thompson,6.502558946609497
0,thompson,746,contested,5.08260703086853
0,thompson,747,train,3.2156211833159127
0,thompson,747,baum,5.759907364845276
0,thompson,747,thompson,4.090845286846161
0,thompson,747,dickens,7.338744878768921
0,thompson,747,melville,7.622619450092316
0,thompson,747,wells,7.489040056864421
0,thompson,747,austen,7.94481635093689
0,thompson,747,fitzgerald,7.4883680873447
0,thompson,747,twain,6.755777835845947
0,thompson,747,non_oz_baum,6.026374101638794
0,thompson,747,non_oz_thompson,6.512584209442139
0,thompson,747,contested,5.086970686912537
0,thompson,748,train,3.216201772292455
0,thompson,748,baum,5.78498387336731
0,thompson,748,thompson,4.103344440460205
0,thompson,748,dickens,7.376459717750549
0,thompson,748,melville,7.66682767868042
0,thompson,748,wells,7.513732433319092
0,thompson,748,austen,7.967770338058472
0,thompson,748,fitzgerald,7.532715903388129
0,thompson,748,twain,6.788409392038981
0,thompson,748,non_oz_baum,6.049776315689087
0,thompson,748,non_oz_thompson,6.537379264831543
0,thompson,748,contested,5.128740072250366
0,thompson,749,train,3.225819210211436
0,thompson,749,baum,5.8009480237960815
0,thompson,749,thompson,4.09487909078598
0,thompson,749,dickens,7.358967661857605
0,thompson,749,melville,7.637917995452881
0,thompson,749,wells,7.496358712514241
0,thompson,749,austen,7.896707534790039
0,thompson,749,fitzgerald,7.531979666815864
0,thompson,749,twain,6.792914708455403
0,thompson,749,non_oz_baum,6.049450397491455
0,thompson,749,non_oz_thompson,6.543085336685181
0,thompson,749,contested,5.134703159332275
0,thompson,750,train,3.2104905347029367
0,thompson,750,baum,5.798476338386536
0,thompson,750,thompson,4.100579261779785
0,thompson,750,dickens,7.331143180529277
0,thompson,750,melville,7.603323340415955
0,thompson,750,wells,7.47282600402832
0,thompson,750,austen,7.934865236282349
0,thompson,750,fitzgerald,7.483013153076172
0,thompson,750,twain,6.752177953720093
0,thompson,750,non_oz_baum,6.028033494949341
0,thompson,750,non_oz_thompson,6.521650075912476
0,thompson,750,contested,5.110947847366333
0,thompson,751,train,3.2160928150018058
0,thompson,751,baum,5.777774095535278
0,thompson,751,thompson,4.092576265335083
0,thompson,751,dickens,7.315948923428853
0,thompson,751,melville,7.5647828578948975
0,thompson,751,wells,7.479263464609782
0,thompson,751,austen,7.839660406112671
0,thompson,751,fitzgerald,7.46921624077691
0,thompson,751,twain,6.745632966359456
0,thompson,751,non_oz_baum,6.023172616958618
0,thompson,751,non_oz_thompson,6.5306432247161865
0,thompson,751,contested,5.109489321708679
0,thompson,752,train,3.2142502764860788
0,thompson,752,baum,5.821970462799072
0,thompson,752,thompson,4.083238124847412
0,thompson,752,dickens,7.372296333312988
0,thompson,752,melville,7.684934973716736
0,thompson,752,wells,7.508215109507243
0,thompson,752,austen,7.958994150161743
0,thompson,752,fitzgerald,7.556833691067165
0,thompson,752,twain,6.818735758463542
0,thompson,752,non_oz_baum,6.09625244140625
0,thompson,752,non_oz_thompson,6.545768022537232
0,thompson,752,contested,5.154117584228516
0,thompson,753,train,3.214437703291575
0,thompson,753,baum,5.832664847373962
0,thompson,753,thompson,4.119138777256012
0,thompson,753,dickens,7.40160055955251
0,thompson,753,melville,7.651960134506226
0,thompson,753,wells,7.566184361775716
0,thompson,753,austen,7.949016809463501
0,thompson,753,fitzgerald,7.576289547814263
0,thompson,753,twain,6.819120407104492
0,thompson,753,non_oz_baum,6.093245267868042
0,thompson,753,non_oz_thompson,6.586762666702271
0,thompson,753,contested,5.155026912689209
0,thompson,754,train,3.2180818617343903
0,thompson,754,baum,5.82703971862793
0,thompson,754,thompson,4.115291833877564
0,thompson,754,dickens,7.381469249725342
0,thompson,754,melville,7.61894941329956
0,thompson,754,wells,7.543295701344808
0,thompson,754,austen,7.902286052703857
0,thompson,754,fitzgerald,7.542724238501655
0,thompson,754,twain,6.790217399597168
0,thompson,754,non_oz_baum,6.081161260604858
0,thompson,754,non_oz_thompson,6.578081369400024
0,thompson,754,contested,5.150539040565491
0,thompson,755,train,3.2033576667308807
0,thompson,755,baum,5.819416522979736
0,thompson,755,thompson,4.101360023021698
0,thompson,755,dickens,7.391240040461223
0,thompson,755,melville,7.679596781730652
0,thompson,755,wells,7.537400245666504
0,thompson,755,austen,7.976693868637085
0,thompson,755,fitzgerald,7.558742629157172
0,thompson,755,twain,6.8136091232299805
0,thompson,755,non_oz_baum,6.079128503799439
0,thompson,755,non_oz_thompson,6.565040111541748
0,thompson,755,contested,5.145511865615845
0,thompson,756,train,3.2061208486557007
0,thompson,756,baum,5.824635148048401
0,thompson,756,thompson,4.114597916603088
0,thompson,756,dickens,7.404776930809021
0,thompson,756,melville,7.693087220191956
0,thompson,756,wells,7.552575429280599
0,thompson,756,austen,7.986874341964722
0,thompson,756,fitzgerald,7.56926335228814
0,thompson,756,twain,6.815808455149333
0,thompson,756,non_oz_baum,6.079354763031006
0,thompson,756,non_oz_thompson,6.589199781417847
0,thompson,756,contested,5.148772120475769
0,thompson,757,train,3.205466022094091
0,thompson,757,baum,5.774449467658997
0,thompson,757,thompson,4.083171665668488
0,thompson,757,dickens,7.315730690956116
0,thompson,757,melville,7.6152501702308655
0,thompson,757,wells,7.490320523579915
0,thompson,757,austen,7.895580291748047
0,thompson,757,fitzgerald,7.508682727813721
0,thompson,757,twain,6.797143538792928
0,thompson,757,non_oz_baum,6.056509375572205
0,thompson,757,non_oz_thompson,6.529618263244629
0,thompson,757,contested,5.1203694343566895
0,thompson,758,train,3.192838499943415
0,thompson,758,baum,5.79965090751648
0,thompson,758,thompson,4.107290267944336
0,thompson,758,dickens,7.372700492540996
0,thompson,758,melville,7.62399822473526
0,thompson,758,wells,7.539639790852864
0,thompson,758,austen,7.921910524368286
0,thompson,758,fitzgerald,7.523141384124756
0,thompson,758,twain,6.795458793640137
0,thompson,758,non_oz_baum,6.06399667263031
0,thompson,758,non_oz_thompson,6.564569234848023
0,thompson,758,contested,5.136850118637085
0,thompson,759,train,3.197777420282364
0,thompson,759,baum,5.779475688934326
0,thompson,759,thompson,4.083963692188263
0,thompson,759,dickens,7.340240001678467
0,thompson,759,melville,7.627625584602356
0,thompson,759,wells,7.502719243367513
0,thompson,759,austen,7.932324886322021
0,thompson,759,fitzgerald,7.477307796478271
0,thompson,759,twain,6.780547618865967
0,thompson,759,non_oz_baum,6.051535248756409
0,thompson,759,non_oz_thompson,6.533029794692993
0,thompson,759,contested,5.112973213195801
0,thompson,760,train,3.20709819595019
0,thompson,760,baum,5.826307535171509
0,thompson,760,thompson,4.110533177852631
0,thompson,760,dickens,7.374974727630615
0,thompson,760,melville,7.6260387897491455
0,thompson,760,wells,7.539571603139241
0,thompson,760,austen,7.914100170135498
0,thompson,760,fitzgerald,7.537666214836968
0,thompson,760,twain,6.806269804636638
0,thompson,760,non_oz_baum,6.078731656074524
0,thompson,760,non_oz_thompson,6.585618495941162
0,thompson,760,contested,5.170048713684082
0,thompson,761,train,3.189550518989563
0,thompson,761,baum,5.807922601699829
0,thompson,761,thompson,4.089139699935913
0,thompson,761,dickens,7.36954665184021
0,thompson,761,melville,7.666912078857422
0,thompson,761,wells,7.545934518178304
0,thompson,761,austen,7.948009729385376
0,thompson,761,fitzgerald,7.550478988223606
0,thompson,761,twain,6.828297694524129
0,thompson,761,non_oz_baum,6.071794748306274
0,thompson,761,non_oz_thompson,6.551580905914307
0,thompson,761,contested,5.1389399766922
0,thompson,762,train,3.2048151890436807
0,thompson,762,baum,5.827014446258545
0,thompson,762,thompson,4.065555453300476
0,thompson,762,dickens,7.358765045801799
0,thompson,762,melville,7.667539238929747
0,thompson,762,wells,7.502882162729899
0,thompson,762,austen,7.95585036277771
0,thompson,762,fitzgerald,7.5575169987148705
0,thompson,762,twain,6.824065685272217
0,thompson,762,non_oz_baum,6.08823549747467
0,thompson,762,non_oz_thompson,6.546571254730225
0,thompson,762,contested,5.159578561782837
0,thompson,763,train,3.1953129271666207
0,thompson,763,baum,5.800157904624939
0,thompson,763,thompson,4.09682297706604
0,thompson,763,dickens,7.371826092402141
0,thompson,763,melville,7.661525905132294
0,thompson,763,wells,7.528305848439534
0,thompson,763,austen,7.975001811981201
0,thompson,763,fitzgerald,7.530653423733181
0,thompson,763,twain,6.807628711064656
0,thompson,763,non_oz_baum,6.074846029281616
0,thompson,763,non_oz_thompson,6.553827285766602
0,thompson,763,contested,5.137454509735107
0,thompson,764,train,3.18093678355217
0,thompson,764,baum,5.844191551208496
0,thompson,764,thompson,4.107510387897492
0,thompson,764,dickens,7.444051027297974
0,thompson,764,melville,7.738353371620178
0,thompson,764,wells,7.602536837259929
0,thompson,764,austen,8.056450366973877
0,thompson,764,fitzgerald,7.606130917867024
0,thompson,764,twain,6.859706958134969
0,thompson,764,non_oz_baum,6.11254620552063
0,thompson,764,non_oz_thompson,6.587417602539063
0,thompson,764,contested,5.162697076797485
0,thompson,765,train,3.184096962213516
0,thompson,765,baum,5.791876435279846
0,thompson,765,thompson,4.099446892738342
0,thompson,765,dickens,7.358245054880778
0,thompson,765,melville,7.60874330997467
0,thompson,765,wells,7.54361089070638
0,thompson,765,austen,7.886250734329224
0,thompson,765,fitzgerald,7.520418537987603
0,thompson,765,twain,6.791701952616374
0,thompson,765,non_oz_baum,6.0527344942092896
0,thompson,765,non_oz_thompson,6.558590888977051
0,thompson,765,contested,5.12824022769928
0,thompson,766,train,3.180007219314575
0,thompson,766,baum,5.815445303916931
0,thompson,766,thompson,4.084684610366821
0,thompson,766,dickens,7.384933789571126
0,thompson,766,melville,7.692827761173248
0,thompson,766,wells,7.547760327657063
0,thompson,766,austen,7.949728012084961
0,thompson,766,fitzgerald,7.582027594248454
0,thompson,766,twain,6.838891665140788
0,thompson,766,non_oz_baum,6.080484986305237
0,thompson,766,non_oz_thompson,6.562597990036011
0,thompson,766,contested,5.148341774940491
0,thompson,767,train,3.1839811702569327
0,thompson,767,baum,5.820245385169983
0,thompson,767,thompson,4.098620533943176
0,thompson,767,dickens,7.393065055211385
0,thompson,767,melville,7.67001485824585
0,thompson,767,wells,7.559808095296224
0,thompson,767,austen,7.963768243789673
0,thompson,767,fitzgerald,7.545557128058539
0,thompson,767,twain,6.81998070081075
0,thompson,767,non_oz_baum,6.083371520042419
0,thompson,767,non_oz_thompson,6.563730239868164
0,thompson,767,contested,5.150978088378906
0,thompson,768,train,3.188434233268102
0,thompson,768,baum,5.811108350753784
0,thompson,768,thompson,4.092333257198334
0,thompson,768,dickens,7.356409072875977
0,thompson,768,melville,7.632876813411713
0,thompson,768,wells,7.545236905415853
0,thompson,768,austen,7.93643307685852
0,thompson,768,fitzgerald,7.524634096357557
0,thompson,768,twain,6.808299700419108
0,thompson,768,non_oz_baum,6.074723124504089
0,thompson,768,non_oz_thompson,6.539231777191162
0,thompson,768,contested,5.124300599098206
0,thompson,769,train,3.186323046684265
0,thompson,769,baum,5.847090482711792
0,thompson,769,thompson,4.1042919754982
0,thompson,769,dickens,7.42719296614329
0,thompson,769,melville,7.70406186580658
0,thompson,769,wells,7.572946548461914
0,thompson,769,austen,8.020358562469482
0,thompson,769,fitzgerald,7.572630882263184
0,thompson,769,twain,6.851135889689128
0,thompson,769,non_oz_baum,6.11567234992981
0,thompson,769,non_oz_thompson,6.58935546875
0,thompson,769,contested,5.181284666061401
0,thompson,770,train,3.176031549771627
0,thompson,770,baum,5.814004778862
0,thompson,770,thompson,4.104616761207581
0,thompson,770,dickens,7.390947262446086
0,thompson,770,melville,7.612545788288116
0,thompson,770,wells,7.557165463765462
0,thompson,770,austen,7.898038864135742
0,thompson,770,fitzgerald,7.560092714097765
0,thompson,770,twain,6.825488805770874
0,thompson,770,non_oz_baum,6.079869508743286
0,thompson,770,non_oz_thompson,6.596892833709717
0,thompson,770,contested,5.161325454711914
0,thompson,771,train,3.176105389992396
0,thompson,771,baum,5.804707288742065
0,thompson,771,thompson,4.08419132232666
0,thompson,771,dickens,7.382658243179321
0,thompson,771,melville,7.65509420633316
0,thompson,771,wells,7.516458670298259
0,thompson,771,austen,7.910698890686035
0,thompson,771,fitzgerald,7.559995386335585
0,thompson,771,twain,6.83039387067159
0,thompson,771,non_oz_baum,6.09449827671051
0,thompson,771,non_oz_thompson,6.575909614562988
0,thompson,771,contested,5.164286136627197
0,thompson,772,train,3.168182591597239
0,thompson,772,baum,5.818410038948059
0,thompson,772,thompson,4.083571553230286
0,thompson,772,dickens,7.359290281931559
0,thompson,772,melville,7.648547112941742
0,thompson,772,wells,7.52240006128947
0,thompson,772,austen,7.936140298843384
0,thompson,772,fitzgerald,7.520865970187717
0,thompson,772,twain,6.815674384435018
0,thompson,772,non_oz_baum,6.091732025146484
0,thompson,772,non_oz_thompson,6.561872243881226
0,thompson,772,contested,5.15281879901886
0,thompson,773,train,3.174145927031835
0,thompson,773,baum,5.857250809669495
0,thompson,773,thompson,4.130989074707031
0,thompson,773,dickens,7.490073482195537
0,thompson,773,melville,7.761190176010132
0,thompson,773,wells,7.637510776519775
0,thompson,773,austen,8.066005945205688
0,thompson,773,fitzgerald,7.651775889926487
0,thompson,773,twain,6.876847585042317
0,thompson,773,non_oz_baum,6.126777768135071
0,thompson,773,non_oz_thompson,6.656498432159424
0,thompson,773,contested,5.204755544662476
0,thompson,774,train,3.177109917004904
0,thompson,774,baum,5.824907064437866
0,thompson,774,thompson,4.103972315788269
0,thompson,774,dickens,7.411463061968486
0,thompson,774,melville,7.662585914134979
0,thompson,774,wells,7.584146181742351
0,thompson,774,austen,8.005390644073486
0,thompson,774,fitzgerald,7.574821472167969
0,thompson,774,twain,6.822976589202881
0,thompson,774,non_oz_baum,6.088707208633423
0,thompson,774,non_oz_thompson,6.594696760177612
0,thompson,774,contested,5.153606414794922
0,thompson,775,train,3.17459304134051
0,thompson,775,baum,5.834425568580627
0,thompson,775,thompson,4.099883675575256
0,thompson,775,dickens,7.4145238399505615
0,thompson,775,melville,7.69509744644165
0,thompson,775,wells,7.582458813985188
0,thompson,775,austen,8.020927667617798
0,thompson,775,fitzgerald,7.573291354709202
0,thompson,775,twain,6.8312539259592695
0,thompson,775,non_oz_baum,6.0847132205963135
0,thompson,775,non_oz_thompson,6.591642379760742
0,thompson,775,contested,5.153136730194092
0,thompson,776,train,3.180960019429525
0,thompson,776,baum,5.869508981704712
0,thompson,776,thompson,4.103099048137665
0,thompson,776,dickens,7.453555226325989
0,thompson,776,melville,7.74311363697052
0,thompson,776,wells,7.585087776184082
0,thompson,776,austen,8.028363704681396
0,thompson,776,fitzgerald,7.636658933427599
0,thompson,776,twain,6.887742360432942
0,thompson,776,non_oz_baum,6.1380650997161865
0,thompson,776,non_oz_thompson,6.627259254455566
0,thompson,776,contested,5.213372230529785
0,thompson,777,train,3.16784206032753
0,thompson,777,baum,5.839989900588989
0,thompson,777,thompson,4.11113578081131
0,thompson,777,dickens,7.435452659924825
0,thompson,777,melville,7.678837835788727
0,thompson,777,wells,7.590143839518229
0,thompson,777,austen,7.9766082763671875
0,thompson,777,fitzgerald,7.587406794230143
0,thompson,777,twain,6.8391397794087725
0,thompson,777,non_oz_baum,6.096924304962158
0,thompson,777,non_oz_thompson,6.6277711391448975
0,thompson,777,contested,5.177478909492493
0,thompson,778,train,3.1716318825880685
0,thompson,778,baum,5.843040585517883
0,thompson,778,thompson,4.092689573764801
0,thompson,778,dickens,7.37765638033549
0,thompson,778,melville,7.646380603313446
0,thompson,778,wells,7.54351011912028
0,thompson,778,austen,7.973886489868164
0,thompson,778,fitzgerald,7.542136351267497
0,thompson,778,twain,6.822524627049764
0,thompson,778,non_oz_baum,6.089132785797119
0,thompson,778,non_oz_thompson,6.574402570724487
0,thompson,778,contested,5.172241806983948
0,thompson,779,train,3.1700147291024527
0,thompson,779,baum,5.812386512756348
0,thompson,779,thompson,4.083002269268036
0,thompson,779,dickens,7.38650107383728
0,thompson,779,melville,7.661219537258148
0,thompson,779,wells,7.542856216430664
0,thompson,779,austen,7.967125654220581
0,thompson,779,fitzgerald,7.545629766252306
0,thompson,779,twain,6.817715485890706
0,thompson,779,non_oz_baum,6.077958226203919
0,thompson,779,non_oz_thompson,6.567453861236572
0,thompson,779,contested,5.157302379608154
0,thompson,780,train,3.1625715096791587
0,thompson,780,baum,5.820013642311096
0,thompson,780,thompson,4.080134630203247
0,thompson,780,dickens,7.387527982393901
0,thompson,780,melville,7.659903109073639
0,thompson,780,wells,7.550925254821777
0,thompson,780,austen,7.924008131027222
0,thompson,780,fitzgerald,7.566982746124268
0,thompson,780,twain,6.83052659034729
0,thompson,780,non_oz_baum,6.0894535779953
0,thompson,780,non_oz_thompson,6.5843822956085205
0,thompson,780,contested,5.166604399681091
0,thompson,781,train,3.185397913058599
0,thompson,781,baum,5.8095996379852295
0,thompson,781,thompson,4.093753278255463
0,thompson,781,dickens,7.433161656061809
0,thompson,781,melville,7.687645494937897
0,thompson,781,wells,7.59869400660197
0,thompson,781,austen,7.983994007110596
0,thompson,781,fitzgerald,7.606257597605388
0,thompson,781,twain,6.837886015574138
0,thompson,781,non_oz_baum,6.085333943367004
0,thompson,781,non_oz_thompson,6.599232912063599
0,thompson,781,contested,5.152332425117493
0,thompson,782,train,3.171864837408066
0,thompson,782,baum,5.822188973426819
0,thompson,782,thompson,4.082347512245178
0,thompson,782,dickens,7.419861117998759
0,thompson,782,melville,7.695640921592712
0,thompson,782,wells,7.596622943878174
0,thompson,782,austen,7.997062683105469
0,thompson,782,fitzgerald,7.627688937717014
0,thompson,782,twain,6.834548711776733
0,thompson,782,non_oz_baum,6.066797375679016
0,thompson,782,non_oz_thompson,6.583034515380859
0,thompson,782,contested,5.13665509223938
0,thompson,783,train,3.1638143956661224
0,thompson,783,baum,5.813899278640747
0,thompson,783,thompson,4.077610373497009
0,thompson,783,dickens,7.352652311325073
0,thompson,783,melville,7.619575679302216
0,thompson,783,wells,7.524523576100667
0,thompson,783,austen,7.933350324630737
0,thompson,783,fitzgerald,7.518239604102241
0,thompson,783,twain,6.805202960968018
0,thompson,783,non_oz_baum,6.082255601882935
0,thompson,783,non_oz_thompson,6.561343193054199
0,thompson,783,contested,5.144058108329773
0,thompson,784,train,3.1716297467549643
0,thompson,784,baum,5.854594111442566
0,thompson,784,thompson,4.091769397258759
0,thompson,784,dickens,7.444426695505778
0,thompson,784,melville,7.730323791503906
0,thompson,784,wells,7.5991800626118975
0,thompson,784,austen,8.062674283981323
0,thompson,784,fitzgerald,7.601590421464708
0,thompson,784,twain,6.86604380607605
0,thompson,784,non_oz_baum,6.115050554275513
0,thompson,784,non_oz_thompson,6.602087020874023
0,thompson,784,contested,5.164098501205444
0,thompson,785,train,3.1571186085542045
0,thompson,785,baum,5.820096373558044
0,thompson,785,thompson,4.062444925308228
0,thompson,785,dickens,7.409942070643107
0,thompson,785,melville,7.70567113161087
0,thompson,785,wells,7.562048435211182
0,thompson,785,austen,8.00466513633728
0,thompson,785,fitzgerald,7.605199813842773
0,thompson,785,twain,6.836580038070679
0,thompson,785,non_oz_baum,6.086554527282715
0,thompson,785,non_oz_thompson,6.582171678543091
0,thompson,785,contested,5.15522825717926
0,thompson,786,train,3.1682245632012687
0,thompson,786,baum,5.818825364112854
0,thompson,786,thompson,4.060104727745056
0,thompson,786,dickens,7.355344335238139
0,thompson,786,melville,7.657761633396149
0,thompson,786,wells,7.528009414672852
0,thompson,786,austen,7.939286470413208
0,thompson,786,fitzgerald,7.559171252780491
0,thompson,786,twain,6.837140321731567
0,thompson,786,non_oz_baum,6.103480458259583
0,thompson,786,non_oz_thompson,6.562339544296265
0,thompson,786,contested,5.1550703048706055
0,thompson,787,train,3.1640568574269614
0,thompson,787,baum,5.842186331748962
0,thompson,787,thompson,4.088419795036316
0,thompson,787,dickens,7.437189936637878
0,thompson,787,melville,7.68145227432251
0,thompson,787,wells,7.601192156473796
0,thompson,787,austen,7.989899396896362
0,thompson,787,fitzgerald,7.602591355641683
0,thompson,787,twain,6.8634410699208575
0,thompson,787,non_oz_baum,6.11540162563324
0,thompson,787,non_oz_thompson,6.617294549942017
0,thompson,787,contested,5.1830456256866455
0,thompson,788,train,3.1500459214051566
0,thompson,788,baum,5.850561022758484
0,thompson,788,thompson,4.096874892711639
0,thompson,788,dickens,7.445877432823181
0,thompson,788,melville,7.692244589328766
0,thompson,788,wells,7.608306884765625
0,thompson,788,austen,8.004689455032349
0,thompson,788,fitzgerald,7.610895845625135
0,thompson,788,twain,6.863568623860677
0,thompson,788,non_oz_baum,6.106094241142273
0,thompson,788,non_oz_thompson,6.626058101654053
0,thompson,788,contested,5.1881343126297
0,thompson,789,train,3.1612502237161
0,thompson,789,baum,5.847413063049316
0,thompson,789,thompson,4.092117428779602
0,thompson,789,dickens,7.372108777364095
0,thompson,789,melville,7.606192052364349
0,thompson,789,wells,7.557989915211995
0,thompson,789,austen,7.929051399230957
0,thompson,789,fitzgerald,7.549927923414442
0,thompson,789,twain,6.817044178644816
0,thompson,789,non_oz_baum,6.085865020751953
0,thompson,789,non_oz_thompson,6.589507579803467
0,thompson,789,contested,5.152315258979797
0,thompson,790,train,3.158844431241353
0,thompson,790,baum,5.889118909835815
0,thompson,790,thompson,4.093223989009857
0,thompson,790,dickens,7.480871756871541
0,thompson,790,melville,7.749175250530243
0,thompson,790,wells,7.614332993825276
0,thompson,790,austen,8.07353162765503
0,thompson,790,fitzgerald,7.65692048602634
0,thompson,790,twain,6.897000869115193
0,thompson,790,non_oz_baum,6.1542792320251465
0,thompson,790,non_oz_thompson,6.634029865264893
0,thompson,790,contested,5.216613411903381
0,thompson,791,train,3.15984320640564
0,thompson,791,baum,5.82781457901001
0,thompson,791,thompson,4.080758631229401
0,thompson,791,dickens,7.43277112642924
0,thompson,791,melville,7.704613089561462
0,thompson,791,wells,7.589327176411946
0,thompson,791,austen,8.017467737197876
0,thompson,791,fitzgerald,7.596231248643663
0,thompson,791,twain,6.852526585261027
0,thompson,791,non_oz_baum,6.09007716178894
0,thompson,791,non_oz_thompson,6.5954062938690186
0,thompson,791,contested,5.155282258987427
0,thompson,792,train,3.141316592693329
0,thompson,792,baum,5.841211557388306
0,thompson,792,thompson,4.072352349758148
0,thompson,792,dickens,7.410577416419983
0,thompson,792,melville,7.713740050792694
0,thompson,792,wells,7.566205183664958
0,thompson,792,austen,8.038398504257202
0,thompson,792,fitzgerald,7.600775400797526
0,thompson,792,twain,6.850621143976848
0,thompson,792,non_oz_baum,6.090335726737976
0,thompson,792,non_oz_thompson,6.576968431472778
0,thompson,792,contested,5.151116967201233
0,thompson,793,train,3.147513141234716
0,thompson,793,baum,5.837786793708801
0,thompson,793,thompson,4.092747390270233
0,thompson,793,dickens,7.480545560518901
0,thompson,793,melville,7.725457072257996
0,thompson,793,wells,7.631674607594808
0,thompson,793,austen,8.02784252166748
0,thompson,793,fitzgerald,7.655335479312473
0,thompson,793,twain,6.881954908370972
0,thompson,793,non_oz_baum,6.106214880943298
0,thompson,793,non_oz_thompson,6.642513275146484
0,thompson,793,contested,5.17943549156189
0,thompson,794,train,3.149935334920883
0,thompson,794,baum,5.866758823394775
0,thompson,794,thompson,4.088762044906616
0,thompson,794,dickens,7.448952913284302
0,thompson,794,melville,7.688600242137909
0,thompson,794,wells,7.6189619700113935
0,thompson,794,austen,8.011074304580688
0,thompson,794,fitzgerald,7.64665052625868
0,thompson,794,twain,6.881123701731364
0,thompson,794,non_oz_baum,6.127479672431946
0,thompson,794,non_oz_thompson,6.639068365097046
0,thompson,794,contested,5.181994676589966
0,thompson,795,train,3.1273297170797982
0,thompson,795,baum,5.860805034637451
0,thompson,795,thompson,4.100970208644867
0,thompson,795,dickens,7.489474376042684
0,thompson,795,melville,7.739987313747406
0,thompson,795,wells,7.670221010843913
0,thompson,795,austen,8.06596326828003
0,thompson,795,fitzgerald,7.64328998989529
0,thompson,795,twain,6.876573801040649
0,thompson,795,non_oz_baum,6.1245646476745605
0,thompson,795,non_oz_thompson,6.640726089477539
0,thompson,795,contested,5.1758294105529785
0,thompson,796,train,3.1445705195268
0,thompson,796,baum,5.880762815475464
0,thompson,796,thompson,4.079942166805267
0,thompson,796,dickens,7.472843249638875
0,thompson,796,melville,7.756261646747589
0,thompson,796,wells,7.638092199961345
0,thompson,796,austen,8.105165958404541
0,thompson,796,fitzgerald,7.647356033325195
0,thompson,796,twain,6.879946390787761
0,thompson,796,non_oz_baum,6.130762338638306
0,thompson,796,non_oz_thompson,6.608670234680176
0,thompson,796,contested,5.183746814727783
0,thompson,797,train,3.146664718786876
0,thompson,797,baum,5.873630404472351
0,thompson,797,thompson,4.089073061943054
0,thompson,797,dickens,7.454030513763428
0,thompson,797,melville,7.699769735336304
0,thompson,797,wells,7.6198930740356445
0,thompson,797,austen,7.979700565338135
0,thompson,797,fitzgerald,7.610208723280165
0,thompson,797,twain,6.879380226135254
0,thompson,797,non_oz_baum,6.132093906402588
0,thompson,797,non_oz_thompson,6.628901481628418
0,thompson,797,contested,5.197125911712647
0,thompson,798,train,3.132539967695872
0,thompson,798,baum,5.863577485084534
0,thompson,798,thompson,4.090527236461639
0,thompson,798,dickens,7.477433760960896
0,thompson,798,melville,7.741398811340332
0,thompson,798,wells,7.65827735265096
0,thompson,798,austen,8.080660343170166
0,thompson,798,fitzgerald,7.651999685499403
0,thompson,798,twain,6.881003459294637
0,thompson,798,non_oz_baum,6.116464376449585
0,thompson,798,non_oz_thompson,6.635807752609253
0,thompson,798,contested,5.172453999519348
0,thompson,799,train,3.13929412762324
0,thompson,799,baum,5.872237801551819
0,thompson,799,thompson,4.05717134475708
0,thompson,799,dickens,7.421904643376668
0,thompson,799,melville,7.748455047607422
0,thompson,799,wells,7.551281611124675
0,thompson,799,austen,8.046921730041504
0,thompson,799,fitzgerald,7.622174263000488
0,thompson,799,twain,6.896959940592448
0,thompson,799,non_oz_baum,6.132059335708618
0,thompson,799,non_oz_thompson,6.588667869567871
0,thompson,799,contested,5.1912055015563965
0,thompson,800,train,3.1407663027445474
0,thompson,800,baum,5.894869685173035
0,thompson,800,thompson,4.108044147491455
0,thompson,800,dickens,7.479571898778279
0,thompson,800,melville,7.688730120658874
0,thompson,800,wells,7.659011681874593
0,thompson,800,austen,8.021334886550903
0,thompson,800,fitzgerald,7.6278486251831055
0,thompson,800,twain,6.882002512613933
0,thompson,800,non_oz_baum,6.130427241325378
0,thompson,800,non_oz_thompson,6.645119905471802
0,thompson,800,contested,5.190508723258972
0,thompson,801,train,3.133593370517095
0,thompson,801,baum,5.865796685218811
0,thompson,801,thompson,4.075627982616425
0,thompson,801,dickens,7.447840213775635
0,thompson,801,melville,7.739674150943756
0,thompson,801,wells,7.614743709564209
0,thompson,801,austen,8.084191799163818
0,thompson,801,fitzgerald,7.593753125932482
0,thompson,801,twain,6.881282409032186
0,thompson,801,non_oz_baum,6.135035395622253
0,thompson,801,non_oz_thompson,6.592985391616821
0,thompson,801,contested,5.17119836807251
0,thompson,802,train,3.132115453481674
0,thompson,802,baum,5.83729612827301
0,thompson,802,thompson,4.0612465143203735
0,thompson,802,dickens,7.391694068908691
0,thompson,802,melville,7.678613066673279
0,thompson,802,wells,7.562166213989258
0,thompson,802,austen,7.961275339126587
0,thompson,802,fitzgerald,7.584986633724636
0,thompson,802,twain,6.842905124028524
0,thompson,802,non_oz_baum,6.090478181838989
0,thompson,802,non_oz_thompson,6.577552080154419
0,thompson,802,contested,5.144562363624573
0,thompson,803,train,3.1305108666419983
0,thompson,803,baum,5.891503572463989
0,thompson,803,thompson,4.08566826581955
0,thompson,803,dickens,7.458473165829976
0,thompson,803,melville,7.726989805698395
0,thompson,803,wells,7.631989002227783
0,thompson,803,austen,8.011236667633057
0,thompson,803,fitzgerald,7.653365400102404
0,thompson,803,twain,6.9069225788116455
0,thompson,803,non_oz_baum,6.142840504646301
0,thompson,803,non_oz_thompson,6.635600328445435
0,thompson,803,contested,5.205527305603027
0,thompson,804,train,3.136079470316569
0,thompson,804,baum,5.916311383247376
0,thompson,804,thompson,4.130729556083679
0,thompson,804,dickens,7.517867048581441
0,thompson,804,melville,7.710334360599518
0,thompson,804,wells,7.709546724955241
0,thompson,804,austen,8.064729452133179
0,thompson,804,fitzgerald,7.633889039357503
0,thompson,804,twain,6.896113793055217
0,thompson,804,non_oz_baum,6.160972237586975
0,thompson,804,non_oz_thompson,6.682282209396362
0,thompson,804,contested,5.215553641319275
0,thompson,805,train,3.1203061938285828
0,thompson,805,baum,5.909783720970154
0,thompson,805,thompson,4.0967987179756165
0,thompson,805,dickens,7.506157835324605
0,thompson,805,melville,7.761021614074707
0,thompson,805,wells,7.661795457204183
0,thompson,805,austen,8.064610481262207
0,thompson,805,fitzgerald,7.684946695963542
0,thompson,805,twain,6.911370197931926
0,thompson,805,non_oz_baum,6.153202176094055
0,thompson,805,non_oz_thompson,6.670466899871826
0,thompson,805,contested,5.226066470146179
0,thompson,806,train,3.1336548725763955
0,thompson,806,baum,5.889006495475769
0,thompson,806,thompson,4.078832507133484
0,thompson,806,dickens,7.4294584194819135
0,thompson,806,melville,7.670044183731079
0,thompson,806,wells,7.601125717163086
0,thompson,806,austen,7.974364280700684
0,thompson,806,fitzgerald,7.605853133731419
0,thompson,806,twain,6.892426411310832
0,thompson,806,non_oz_baum,6.139196395874023
0,thompson,806,non_oz_thompson,6.628723382949829
0,thompson,806,contested,5.186289548873901
0,thompson,807,train,3.1308853129545846
0,thompson,807,baum,5.884548902511597
0,thompson,807,thompson,4.091293156147003
0,thompson,807,dickens,7.481432318687439
0,thompson,807,melville,7.716679453849792
0,thompson,807,wells,7.661075909932454
0,thompson,807,austen,8.023580551147461
0,thompson,807,fitzgerald,7.65263483259413
0,thompson,807,twain,6.906464179356893
0,thompson,807,non_oz_baum,6.142817616462708
0,thompson,807,non_oz_thompson,6.656966686248779
0,thompson,807,contested,5.194708704948425
0,thompson,808,train,3.1230335533618927
0,thompson,808,baum,5.882699966430664
0,thompson,808,thompson,4.068515419960022
0,thompson,808,dickens,7.441117286682129
0,thompson,808,melville,7.71051013469696
0,thompson,808,wells,7.605144182840983
0,thompson,808,austen,7.995495080947876
0,thompson,808,fitzgerald,7.640435483720568
0,thompson,808,twain,6.897310813268025
0,thompson,808,non_oz_baum,6.139244437217712
0,thompson,808,non_oz_thompson,6.627648591995239
0,thompson,808,contested,5.200133442878723
0,thompson,809,train,3.1309431989987693
0,thompson,809,baum,5.887933135032654
0,thompson,809,thompson,4.101221024990082
0,thompson,809,dickens,7.486636757850647
0,thompson,809,melville,7.700841009616852
0,thompson,809,wells,7.670392990112305
0,thompson,809,austen,8.007350444793701
0,thompson,809,fitzgerald,7.647595087687175
0,thompson,809,twain,6.905407985051473
0,thompson,809,non_oz_baum,6.146439909934998
0,thompson,809,non_oz_thompson,6.6640613079071045
0,thompson,809,contested,5.200980544090271
0,thompson,810,train,3.112999757130941
0,thompson,810,baum,5.861888766288757
0,thompson,810,thompson,4.064131736755371
0,thompson,810,dickens,7.4168860912323
0,thompson,810,melville,7.663782238960266
0,thompson,810,wells,7.593305269877116
0,thompson,810,austen,7.981967926025391
0,thompson,810,fitzgerald,7.582561651865642
0,thompson,810,twain,6.864623943964641
0,thompson,810,non_oz_baum,6.121699929237366
0,thompson,810,non_oz_thompson,6.622752189636231
0,thompson,810,contested,5.1836326122283936
0,thompson,811,train,3.115149060885112
0,thompson,811,baum,5.860057473182678
0,thompson,811,thompson,4.078186750411987
0,thompson,811,dickens,7.4581741491953535
0,thompson,811,melville,7.692115843296051
0,thompson,811,wells,7.636306603749593
0,thompson,811,austen,8.012552738189697
0,thompson,811,fitzgerald,7.621720367007786
0,thompson,811,twain,6.876905043919881
0,thompson,811,non_oz_baum,6.128172874450684
0,thompson,811,non_oz_thompson,6.64863395690918
0,thompson,811,contested,5.177980422973633
0,thompson,812,train,3.125871658325196
0,thompson,812,baum,5.8759461641311646
0,thompson,812,thompson,4.076059341430664
0,thompson,812,dickens,7.468039234479268
0,thompson,812,melville,7.720311284065247
0,thompson,812,wells,7.63596789042155
0,thompson,812,austen,8.026174545288086
0,thompson,812,fitzgerald,7.657643053266737
0,thompson,812,twain,6.89436395963033
0,thompson,812,non_oz_baum,6.14041543006897
0,thompson,812,non_oz_thompson,6.649306535720825
0,thompson,812,contested,5.204514503479004
0,thompson,813,train,3.1244648694992065
0,thompson,813,baum,5.920034289360046
0,thompson,813,thompson,4.087814331054688
0,thompson,813,dickens,7.545363227526347
0,thompson,813,melville,7.80371880531311
0,thompson,813,wells,7.699118932088216
0,thompson,813,austen,8.102362632751465
0,thompson,813,fitzgerald,7.736387040879991
0,thompson,813,twain,6.946295340855916
0,thompson,813,non_oz_baum,6.182734847068787
0,thompson,813,non_oz_thompson,6.694360733032227
0,thompson,813,contested,5.24235475063324
0,thompson,814,train,3.1197438637415567
0,thompson,814,baum,5.870755553245544
0,thompson,814,thompson,4.082185864448547
0,thompson,814,dickens,7.4428292115529375
0,thompson,814,melville,7.674107909202576
0,thompson,814,wells,7.642267068227132
0,thompson,814,austen,8.004172086715698
0,thompson,814,fitzgerald,7.611775239308675
0,thompson,814,twain,6.868272384007772
0,thompson,814,non_oz_baum,6.114119291305542
0,thompson,814,non_oz_thompson,6.635839462280273
0,thompson,814,contested,5.178795218467712
0,thompson,815,train,3.1124632159868875
0,thompson,815,baum,5.872673749923706
0,thompson,815,thompson,4.064627647399902
0,thompson,815,dickens,7.488536993662517
0,thompson,815,melville,7.790150344371796
0,thompson,815,wells,7.668566703796387
0,thompson,815,austen,8.091590881347656
0,thompson,815,fitzgerald,7.687564320034451
0,thompson,815,twain,6.925340016682942
0,thompson,815,non_oz_baum,6.137307405471802
0,thompson,815,non_oz_thompson,6.63467812538147
0,thompson,815,contested,5.183055281639099
0,thompson,816,train,3.119253019491832
0,thompson,816,baum,5.888833999633789
0,thompson,816,thompson,4.071453213691711
0,thompson,816,dickens,7.485924919446309
0,thompson,816,melville,7.774929165840149
0,thompson,816,wells,7.641908963521321
0,thompson,816,austen,8.065163135528564
0,thompson,816,fitzgerald,7.68152560128106
0,thompson,816,twain,6.919165293375651
0,thompson,816,non_oz_baum,6.147773385047913
0,thompson,816,non_oz_thompson,6.654682636260986
0,thompson,816,contested,5.206313490867615
0,thompson,817,train,3.1290478308995566
0,thompson,817,baum,5.919946312904358
0,thompson,817,thompson,4.067131698131561
0,thompson,817,dickens,7.502231399218242
0,thompson,817,melville,7.753984749317169
0,thompson,817,wells,7.651100794474284
0,thompson,817,austen,8.022692203521729
0,thompson,817,fitzgerald,7.703079488542345
0,thompson,817,twain,6.938361008961995
0,thompson,817,non_oz_baum,6.1818437576293945
0,thompson,817,non_oz_thompson,6.6817615032196045
0,thompson,817,contested,5.25888991355896
0,thompson,818,train,3.109615296125412
0,thompson,818,baum,5.926074385643005
0,thompson,818,thompson,4.094123125076294
0,thompson,818,dickens,7.54131813844045
0,thompson,818,melville,7.800479531288147
0,thompson,818,wells,7.731408596038818
0,thompson,818,austen,8.130293369293213
0,thompson,818,fitzgerald,7.711059305402967
0,thompson,818,twain,6.949168602625529
0,thompson,818,non_oz_baum,6.205057263374329
0,thompson,818,non_oz_thompson,6.697416543960571
0,thompson,818,contested,5.242638349533081
0,thompson,819,train,3.112070093552272
0,thompson,819,baum,5.916627764701843
0,thompson,819,thompson,4.066398322582245
0,thompson,819,dickens,7.463551203409831
0,thompson,819,melville,7.704728782176971
0,thompson,819,wells,7.629008928934733
0,thompson,819,austen,8.009485960006714
0,thompson,819,fitzgerald,7.660118473900689
0,thompson,819,twain,6.925177415211995
0,thompson,819,non_oz_baum,6.173887848854065
0,thompson,819,non_oz_thompson,6.6680779457092285
0,thompson,819,contested,5.243179440498352
0,thompson,820,train,3.110044737656912
0,thompson,820,baum,5.901000022888184
0,thompson,820,thompson,4.062452137470245
0,thompson,820,dickens,7.46719475587209
0,thompson,820,melville,7.726253747940063
0,thompson,820,wells,7.647074381510417
0,thompson,820,austen,8.025099992752075
0,thompson,820,fitzgerald,7.669550842709011
0,thompson,820,twain,6.924786806106567
0,thompson,820,non_oz_baum,6.164273738861084
0,thompson,820,non_oz_thompson,6.645578861236572
0,thompson,820,contested,5.223041892051697
0,thompson,821,train,3.1187826097011566
0,thompson,821,baum,5.919335842132568
0,thompson,821,thompson,4.076514482498169
0,thompson,821,dickens,7.531454801559448
0,thompson,821,melville,7.775344967842102
0,thompson,821,wells,7.699448744455974
0,thompson,821,austen,8.063368797302246
0,thompson,821,fitzgerald,7.708537896474202
0,thompson,821,twain,6.943008502324422
0,thompson,821,non_oz_baum,6.190169811248779
0,thompson,821,non_oz_thompson,6.679357290267944
0,thompson,821,contested,5.236812710762024
0,thompson,822,train,3.11780255039533
0,thompson,822,baum,5.895179390907288
0,thompson,822,thompson,4.073142468929291
0,thompson,822,dickens,7.505897442499797
0,thompson,822,melville,7.736481308937073
0,thompson,822,wells,7.675328731536865
0,thompson,822,austen,8.070460081100464
0,thompson,822,fitzgerald,7.676815721723768
0,thompson,822,twain,6.917293071746826
0,thompson,822,non_oz_baum,6.1502227783203125
0,thompson,822,non_oz_thompson,6.6632726192474365
0,thompson,822,contested,5.210834622383118
0,thompson,823,train,3.105995009342829
0,thompson,823,baum,5.904272675514221
0,thompson,823,thompson,4.091770827770233
0,thompson,823,dickens,7.553024371465047
0,thompson,823,melville,7.767535626888275
0,thompson,823,wells,7.718167781829834
0,thompson,823,austen,8.092551231384277
0,thompson,823,fitzgerald,7.710127989451091
0,thompson,823,twain,6.9304022789001465
0,thompson,823,non_oz_baum,6.161948442459106
0,thompson,823,non_oz_thompson,6.715842485427856
0,thompson,823,contested,5.223329305648804
0,thompson,824,train,3.099537591139476
0,thompson,824,baum,5.873595833778381
0,thompson,824,thompson,4.060089230537415
0,thompson,824,dickens,7.485089302062988
0,thompson,824,melville,7.726022899150848
0,thompson,824,wells,7.645051638285319
0,thompson,824,austen,8.027621269226074
0,thompson,824,fitzgerald,7.646673149532742
0,thompson,824,twain,6.886773745218913
0,thompson,824,non_oz_baum,6.124924540519714
0,thompson,824,non_oz_thompson,6.652138710021973
0,thompson,824,contested,5.193696737289429
0,thompson,825,train,3.103940258423487
0,thompson,825,baum,5.918631315231323
0,thompson,825,thompson,4.099983811378479
0,thompson,825,dickens,7.564659635225932
0,thompson,825,melville,7.776198804378509
0,thompson,825,wells,7.737417380015056
0,thompson,825,austen,8.126860618591309
0,thompson,825,fitzgerald,7.708928373124865
0,thompson,825,twain,6.943744500478108
0,thompson,825,non_oz_baum,6.170688152313232
0,thompson,825,non_oz_thompson,6.701797008514404
0,thompson,825,contested,5.23134970664978
0,thompson,826,train,3.1008030076821647
0,thompson,826,baum,5.910981059074402
0,thompson,826,thompson,4.059510588645935
0,thompson,826,dickens,7.494693835576375
0,thompson,826,melville,7.770102202892303
0,thompson,826,wells,7.673793792724609
0,thompson,826,austen,8.100137948989868
0,thompson,826,fitzgerald,7.676900545756022
0,thompson,826,twain,6.943363825480144
0,thompson,826,non_oz_baum,6.194682598114014
0,thompson,826,non_oz_thompson,6.662661552429199
0,thompson,826,contested,5.230837345123291
0,thompson,827,train,3.102867404619853
0,thompson,827,baum,5.9349658489227295
0,thompson,827,thompson,4.080100238323212
0,thompson,827,dickens,7.560595472653707
0,thompson,827,melville,7.837555110454559
0,thompson,827,wells,7.696314652760823
0,thompson,827,austen,8.173903226852417
0,thompson,827,fitzgerald,7.744984838697645
0,thompson,827,twain,6.962801615397136
0,thompson,827,non_oz_baum,6.200098872184753
0,thompson,827,non_oz_thompson,6.702090740203857
0,thompson,827,contested,5.253218412399292
0,thompson,828,train,3.1031693518161774
0,thompson,828,baum,5.898084044456482
0,thompson,828,thompson,4.071179509162903
0,thompson,828,dickens,7.545351942380269
0,thompson,828,melville,7.796426951885223
0,thompson,828,wells,7.705653031667073
0,thompson,828,austen,8.117666244506836
0,thompson,828,fitzgerald,7.747790389590794
0,thompson,828,twain,6.931443373362224
0,thompson,828,non_oz_baum,6.148117184638977
0,thompson,828,non_oz_thompson,6.686832904815674
0,thompson,828,contested,5.206397533416748
0,thompson,829,train,3.098010649283727
0,thompson,829,baum,5.970174312591553
0,thompson,829,thompson,4.103489279747009
0,thompson,829,dickens,7.582777698834737
0,thompson,829,melville,7.799629151821136
0,thompson,829,wells,7.755407015482585
0,thompson,829,austen,8.1399507522583
0,thompson,829,fitzgerald,7.738054540422228
0,thompson,829,twain,6.967782179514567
0,thompson,829,non_oz_baum,6.208472967147827
0,thompson,829,non_oz_thompson,6.726848840713501
0,thompson,829,contested,5.259826421737671
0,thompson,830,train,3.0850667556126914
0,thompson,830,baum,5.9032217264175415
0,thompson,830,thompson,4.070281744003296
0,thompson,830,dickens,7.508966644605
0,thompson,830,melville,7.750495076179504
0,thompson,830,wells,7.693097591400146
0,thompson,830,austen,8.044551610946655
0,thompson,830,fitzgerald,7.687742074330647
0,thompson,830,twain,6.927160739898682
0,thompson,830,non_oz_baum,6.160021662712097
0,thompson,830,non_oz_thompson,6.678992509841919
0,thompson,830,contested,5.216968774795532
0,thompson,831,train,3.091245710849762
0,thompson,831,baum,5.92362654209137
0,thompson,831,thompson,4.080722391605377
0,thompson,831,dickens,7.563658873240153
0,thompson,831,melville,7.796081840991974
0,thompson,831,wells,7.747338771820068
0,thompson,831,austen,8.147452354431152
0,thompson,831,fitzgerald,7.71568849351671
0,thompson,831,twain,6.944061040878296
0,thompson,831,non_oz_baum,6.172896146774292
0,thompson,831,non_oz_thompson,6.69323992729187
0,thompson,831,contested,5.209792971611023
0,thompson,832,train,3.090702543656031
0,thompson,832,baum,5.922451019287109
0,thompson,832,thompson,4.075203895568848
0,thompson,832,dickens,7.53454585870107
0,thompson,832,melville,7.768747627735138
0,thompson,832,wells,7.693705399831136
0,thompson,832,austen,8.073548555374146
0,thompson,832,fitzgerald,7.729377587636311
0,thompson,832,twain,6.945617119471232
0,thompson,832,non_oz_baum,6.1540610790252686
0,thompson,832,non_oz_thompson,6.688688039779663
0,thompson,832,contested,5.209173202514648
0,thompson,833,train,3.083449045817057
0,thompson,833,baum,5.9225287437438965
0,thompson,833,thompson,4.057434260845184
0,thompson,833,dickens,7.487600882848103
0,thompson,833,melville,7.724543571472168
0,thompson,833,wells,7.688887596130371
0,thompson,833,austen,8.044713973999023
0,thompson,833,fitzgerald,7.6908045344882545
0,thompson,833,twain,6.927749872207642
0,thompson,833,non_oz_baum,6.160870432853699
0,thompson,833,non_oz_thompson,6.664845705032349
0,thompson,833,contested,5.203281760215759
0,thompson,834,train,3.0878468453884125
0,thompson,834,baum,5.900234937667847
0,thompson,834,thompson,4.079043447971344
0,thompson,834,dickens,7.523399511973063
0,thompson,834,melville,7.760533511638641
0,thompson,834,wells,7.701934019724528
0,thompson,834,austen,8.096513748168945
0,thompson,834,fitzgerald,7.67150698767768
0,thompson,834,twain,6.903649965922038
0,thompson,834,non_oz_baum,6.136532187461853
0,thompson,834,non_oz_thompson,6.676178932189941
0,thompson,834,contested,5.185033440589905
0,thompson,835,train,3.093507389227549
0,thompson,835,baum,5.924431562423706
0,thompson,835,thompson,4.068021774291992
0,thompson,835,dickens,7.49656879901886
0,thompson,835,melville,7.722449123859405
0,thompson,835,wells,7.682324250539144
0,thompson,835,austen,8.031314849853516
0,thompson,835,fitzgerald,7.652425607045491
0,thompson,835,twain,6.920638004938762
0,thompson,835,non_oz_baum,6.170366048812866
0,thompson,835,non_oz_thompson,6.688301086425781
0,thompson,835,contested,5.219988226890564
0,thompson,836,train,3.074172109365464
0,thompson,836,baum,5.922826766967773
0,thompson,836,thompson,4.064566493034363
0,thompson,836,dickens,7.505510767300923
0,thompson,836,melville,7.757372617721558
0,thompson,836,wells,7.674961725870768
0,thompson,836,austen,8.070349931716919
0,thompson,836,fitzgerald,7.665144019656711
0,thompson,836,twain,6.927077611287435
0,thompson,836,non_oz_baum,6.172803997993469
0,thompson,836,non_oz_thompson,6.681399822235107
0,thompson,836,contested,5.234205007553101
0,thompson,837,train,3.083817273378372
0,thompson,837,baum,5.947450160980225
0,thompson,837,thompson,4.0852580070495605
0,thompson,837,dickens,7.554523229598999
0,thompson,837,melville,7.781163394451141
0,thompson,837,wells,7.741907278696696
0,thompson,837,austen,8.12837553024292
0,thompson,837,fitzgerald,7.704732947879368
0,thompson,837,twain,6.93266224861145
0,thompson,837,non_oz_baum,6.182499170303345
0,thompson,837,non_oz_thompson,6.6979382038116455
0,thompson,837,contested,5.233465075492859
0,thompson,838,train,3.068113644917806
0,thompson,838,baum,5.928771615028381
0,thompson,838,thompson,4.079789817333221
0,thompson,838,dickens,7.554090301195781
0,thompson,838,melville,7.786104619503021
0,thompson,838,wells,7.733382701873779
0,thompson,838,austen,8.106025695800781
0,thompson,838,fitzgerald,7.7243343989054365
0,thompson,838,twain,6.939919471740723
0,thompson,838,non_oz_baum,6.180437445640564
0,thompson,838,non_oz_thompson,6.709392547607422
0,thompson,838,contested,5.233371257781982
0,thompson,839,train,3.0903872350851693
0,thompson,839,baum,5.928467750549316
0,thompson,839,thompson,4.063939571380615
0,thompson,839,dickens,7.546527942021687
0,thompson,839,melville,7.808077871799469
0,thompson,839,wells,7.723334789276123
0,thompson,839,austen,8.125004291534424
0,thompson,839,fitzgerald,7.7305887010362415
0,thompson,839,twain,6.964085658391316
0,thompson,839,non_oz_baum,6.184257507324219
0,thompson,839,non_oz_thompson,6.693843364715576
0,thompson,839,contested,5.236915707588196
0,thompson,840,train,3.0850344002246857
0,thompson,840,baum,5.940011382102966
0,thompson,840,thompson,4.0622366070747375
0,thompson,840,dickens,7.542932470639546
0,thompson,840,melville,7.774164140224457
0,thompson,840,wells,7.701839447021484
0,thompson,840,austen,8.050015687942505
0,thompson,840,fitzgerald,7.740745014614529
0,thompson,840,twain,6.96768577893575
0,thompson,840,non_oz_baum,6.197811365127564
0,thompson,840,non_oz_thompson,6.71842622756958
0,thompson,840,contested,5.267532825469971
0,thompson,841,train,3.083289941151937
0,thompson,841,baum,5.910543560981751
0,thompson,841,thompson,4.063014507293701
0,thompson,841,dickens,7.517256100972493
0,thompson,841,melville,7.76141756772995
0,thompson,841,wells,7.700800736745198
0,thompson,841,austen,8.081021547317505
0,thompson,841,fitzgerald,7.695390012529161
0,thompson,841,twain,6.939316829045613
0,thompson,841,non_oz_baum,6.182884573936462
0,thompson,841,non_oz_thompson,6.689684867858887
0,thompson,841,contested,5.219191074371338
0,thompson,842,train,3.082046945889791
0,thompson,842,baum,5.940773010253906
0,thompson,842,thompson,4.044908165931702
0,thompson,842,dickens,7.517398953437805
0,thompson,842,melville,7.815539002418518
0,thompson,842,wells,7.667892615000407
0,thompson,842,austen,8.107532978057861
0,thompson,842,fitzgerald,7.710035959879558
0,thompson,842,twain,6.960464318593343
0,thompson,842,non_oz_baum,6.195489764213562
0,thompson,842,non_oz_thompson,6.669311046600342
0,thompson,842,contested,5.248749017715454
0,thompson,843,train,3.082425465186437
0,thompson,843,baum,5.922293066978455
0,thompson,843,thompson,4.056232571601868
0,thompson,843,dickens,7.531682928403218
0,thompson,843,melville,7.781534254550934
0,thompson,843,wells,7.689089775085449
0,thompson,843,austen,8.112949132919312
0,thompson,843,fitzgerald,7.698204411400689
0,thompson,843,twain,6.947194894154866
0,thompson,843,non_oz_baum,6.186233758926392
0,thompson,843,non_oz_thompson,6.687200307846069
0,thompson,843,contested,5.234506011009216
0,thompson,844,train,3.078649014234543
0,thompson,844,baum,5.962340712547302
0,thompson,844,thompson,4.083606541156769
0,thompson,844,dickens,7.586933016777039
0,thompson,844,melville,7.809699296951294
0,thompson,844,wells,7.756295998891194
0,thompson,844,austen,8.13259506225586
0,thompson,844,fitzgerald,7.731373680962457
0,thompson,844,twain,6.966608921686809
0,thompson,844,non_oz_baum,6.209473252296448
0,thompson,844,non_oz_thompson,6.735237121582031
0,thompson,844,contested,5.275808811187744
0,thompson,845,train,3.064209947983424
0,thompson,845,baum,5.959102034568787
0,thompson,845,thompson,4.0596871972084045
0,thompson,845,dickens,7.538903633753459
0,thompson,845,melville,7.776918411254883
0,thompson,845,wells,7.693325996398926
0,thompson,845,austen,8.095100402832031
0,thompson,845,fitzgerald,7.716396755642361
0,thompson,845,twain,6.972215414047241
0,thompson,845,non_oz_baum,6.210303068161011
0,thompson,845,non_oz_thompson,6.713830471038818
0,thompson,845,contested,5.27799654006958
0,thompson,846,train,3.076479434967041
0,thompson,846,baum,5.957432985305786
0,thompson,846,thompson,4.072166621685028
0,thompson,846,dickens,7.550715168317159
0,thompson,846,melville,7.781366884708403
0,thompson,846,wells,7.726389726003011
0,thompson,846,austen,8.108371257781982
0,thompson,846,fitzgerald,7.707763618893093
0,thompson,846,twain,6.956897338231404
0,thompson,846,non_oz_baum,6.199748516082764
0,thompson,846,non_oz_thompson,6.712970972061157
0,thompson,846,contested,5.253805160522461
0,thompson,847,train,3.065950175126394
0,thompson,847,baum,5.984183549880981
0,thompson,847,thompson,4.054130613803864
0,thompson,847,dickens,7.619619170824687
0,thompson,847,melville,7.893884062767029
0,thompson,847,wells,7.760562419891357
0,thompson,847,austen,8.204381704330444
0,thompson,847,fitzgerald,7.825362894270155
0,thompson,847,twain,7.043494701385498
0,thompson,847,non_oz_baum,6.252111196517944
0,thompson,847,non_oz_thompson,6.752592325210571
0,thompson,847,contested,5.296776175498962
0,thompson,848,train,3.07235532005628
0,thompson,848,baum,5.97173535823822
0,thompson,848,thompson,4.072133362293243
0,thompson,848,dickens,7.554200768470764
0,thompson,848,melville,7.782696664333343
0,thompson,848,wells,7.720418612162272
0,thompson,848,austen,8.11143159866333
0,thompson,848,fitzgerald,7.725818157196045
0,thompson,848,twain,6.980439742406209
0,thompson,848,non_oz_baum,6.232825875282288
0,thompson,848,non_oz_thompson,6.728752136230469
0,thompson,848,contested,5.276159286499023
0,thompson,849,train,3.0803145368893943
0,thompson,849,baum,5.973249316215515
0,thompson,849,thompson,4.0789570808410645
0,thompson,849,dickens,7.585769931475322
0,thompson,849,melville,7.806133270263672
0,thompson,849,wells,7.767001469930013
0,thompson,849,austen,8.151527166366577
0,thompson,849,fitzgerald,7.738399028778076
0,thompson,849,twain,6.987888018290202
0,thompson,849,non_oz_baum,6.223093748092651
0,thompson,849,non_oz_thompson,6.73476243019104
0,thompson,849,contested,5.270372629165649
0,thompson,850,train,3.05495152870814
0,thompson,850,baum,5.988170504570007
0,thompson,850,thompson,4.0774988532066345
0,thompson,850,dickens,7.594746033350627
0,thompson,850,melville,7.805249512195587
0,thompson,850,wells,7.762405077616374
0,thompson,850,austen,8.1184720993042
0,thompson,850,fitzgerald,7.77041753133138
0,thompson,850,twain,6.999007225036621
0,thompson,850,non_oz_baum,6.222754597663879
0,thompson,850,non_oz_thompson,6.74442720413208
0,thompson,850,contested,5.283258080482483
0,thompson,851,train,3.066488951444626
0,thompson,851,baum,5.973264217376709
0,thompson,851,thompson,4.08940452337265
0,thompson,851,dickens,7.585388660430908
0,thompson,851,melville,7.802101910114288
0,thompson,851,wells,7.7664821942647295
0,thompson,851,austen,8.18387484550476
0,thompson,851,fitzgerald,7.735000769297282
0,thompson,851,twain,6.974919478098552
0,thompson,851,non_oz_baum,6.213638663291931
0,thompson,851,non_oz_thompson,6.748743772506714
0,thompson,851,contested,5.276163697242737
0,thompson,852,train,3.0626032749811807
0,thompson,852,baum,5.976206421852112
0,thompson,852,thompson,4.054862320423126
0,thompson,852,dickens,7.56203309694926
0,thompson,852,melville,7.814012229442596
0,thompson,852,wells,7.7434078852335615
0,thompson,852,austen,8.18362045288086
0,thompson,852,fitzgerald,7.72132216559516
0,thompson,852,twain,6.9786536693573
0,thompson,852,non_oz_baum,6.219099402427673
0,thompson,852,non_oz_thompson,6.702450752258301
0,thompson,852,contested,5.246065378189087
0,thompson,853,train,3.0635020236174264
0,thompson,853,baum,5.959492206573486
0,thompson,853,thompson,4.084709286689758
0,thompson,853,dickens,7.580318570137024
0,thompson,853,melville,7.800807178020477
0,thompson,853,wells,7.760596752166748
0,thompson,853,austen,8.14504075050354
0,thompson,853,fitzgerald,7.729565355512831
0,thompson,853,twain,6.965768337249756
0,thompson,853,non_oz_baum,6.192905902862549
0,thompson,853,non_oz_thompson,6.742105484008789
0,thompson,853,contested,5.256443381309509
0,thompson,854,train,3.0671503841876984
0,thompson,854,baum,5.922544717788696
0,thompson,854,thompson,4.072271406650543
0,thompson,854,dickens,7.541549166043599
0,thompson,854,melville,7.756219446659088
0,thompson,854,wells,7.736549536387126
0,thompson,854,austen,8.107861280441284
0,thompson,854,fitzgerald,7.662389543321398
0,thompson,854,twain,6.919928073883057
0,thompson,854,non_oz_baum,6.160772681236267
0,thompson,854,non_oz_thompson,6.707166194915772
0,thompson,854,contested,5.207872986793518
0,thompson,855,train,3.064137240250905
0,thompson,855,baum,5.930640935897827
0,thompson,855,thompson,4.055108308792114
0,thompson,855,dickens,7.50878628094991
0,thompson,855,melville,7.756791532039642
0,thompson,855,wells,7.692758401234944
0,thompson,855,austen,8.086364269256592
0,thompson,855,fitzgerald,7.669374942779541
0,thompson,855,twain,6.946179072062175
0,thompson,855,non_oz_baum,6.185184597969055
0,thompson,855,non_oz_thompson,6.694632291793823
0,thompson,855,contested,5.24006450176239
0,thompson,856,train,3.063857465982437
0,thompson,856,baum,5.9325190782547
0,thompson,856,thompson,4.047999322414398
0,thompson,856,dickens,7.537718892097473
0,thompson,856,melville,7.8001996874809265
0,thompson,856,wells,7.703033606211345
0,thompson,856,austen,8.13191270828247
0,thompson,856,fitzgerald,7.718404399024116
0,thompson,856,twain,6.963205734888713
0,thompson,856,non_oz_baum,6.191774129867554
0,thompson,856,non_oz_thompson,6.6912031173706055
0,thompson,856,contested,5.244557857513428
0,thompson,857,train,3.064847707748413
0,thompson,857,baum,5.90696656703949
0,thompson,857,thompson,4.057144999504089
0,thompson,857,dickens,7.552079359690349
0,thompson,857,melville,7.790131151676178
0,thompson,857,wells,7.735944588979085
0,thompson,857,austen,8.134093999862671
0,thompson,857,fitzgerald,7.727244430118137
0,thompson,857,twain,6.961903095245361
0,thompson,857,non_oz_baum,6.173189997673035
0,thompson,857,non_oz_thompson,6.695444345474243
0,thompson,857,contested,5.210592269897461
0,thompson,858,train,3.062473585208257
0,thompson,858,baum,5.940598726272583
0,thompson,858,thompson,4.0740450620651245
0,thompson,858,dickens,7.542005976041158
0,thompson,858,melville,7.754737496376038
0,thompson,858,wells,7.705102920532227
0,thompson,858,austen,8.099973440170288
0,thompson,858,fitzgerald,7.697385840945774
0,thompson,858,twain,6.9538233280181885
0,thompson,858,non_oz_baum,6.197940230369568
0,thompson,858,non_oz_thompson,6.728098630905151
0,thompson,858,contested,5.266941785812378
0,thompson,859,train,3.0591534872849784
0,thompson,859,baum,5.903796911239624
0,thompson,859,thompson,4.050400376319885
0,thompson,859,dickens,7.538915952046712
0,thompson,859,melville,7.784338057041168
0,thompson,859,wells,7.731183369954427
0,thompson,859,austen,8.162776231765747
0,thompson,859,fitzgerald,7.697505368126763
0,thompson,859,twain,6.935582637786865
0,thompson,859,non_oz_baum,6.157006621360779
0,thompson,859,non_oz_thompson,6.677722692489624
0,thompson,859,contested,5.1938207149505615
0,thompson,860,train,3.054131180047989
0,thompson,860,baum,5.962986350059509
0,thompson,860,thompson,4.082693457603455
0,thompson,860,dickens,7.577584346135457
0,thompson,860,melville,7.790454685688019
0,thompson,860,wells,7.78455924987793
0,thompson,860,austen,8.162907361984253
0,thompson,860,fitzgerald,7.7224542829725475
0,thompson,860,twain,6.960443337758382
0,thompson,860,non_oz_baum,6.20064640045166
0,thompson,860,non_oz_thompson,6.726810693740845
0,thompson,860,contested,5.235940456390381
0,thompson,861,train,3.049541344245275
0,thompson,861,baum,5.921802401542664
0,thompson,861,thompson,4.062153100967407
0,thompson,861,dickens,7.599753419558207
0,thompson,861,melville,7.81552791595459
0,thompson,861,wells,7.765052636464435
0,thompson,861,austen,8.125037670135498
0,thompson,861,fitzgerald,7.78506342569987
0,thompson,861,twain,6.97511871655782
0,thompson,861,non_oz_baum,6.185400366783142
0,thompson,861,non_oz_thompson,6.734326124191284
0,thompson,861,contested,5.24178159236908
0,thompson,862,train,3.057053039471308
0,thompson,862,baum,5.933670520782471
0,thompson,862,thompson,4.057183802127838
0,thompson,862,dickens,7.578434864679973
0,thompson,862,melville,7.807543098926544
0,thompson,862,wells,7.739439646402995
0,thompson,862,austen,8.136266708374023
0,thompson,862,fitzgerald,7.748059590657552
0,thompson,862,twain,6.963321606318156
0,thompson,862,non_oz_baum,6.187044262886047
0,thompson,862,non_oz_thompson,6.722992181777954
0,thompson,862,contested,5.237070560455322
0,thompson,863,train,3.039372205734253
0,thompson,863,baum,6.001803517341614
0,thompson,863,thompson,4.098630607128143
0,thompson,863,dickens,7.650486866633098
0,thompson,863,melville,7.837131023406982
0,thompson,863,wells,7.833537737528483
0,thompson,863,austen,8.192962646484375
0,thompson,863,fitzgerald,7.796768294440375
0,thompson,863,twain,7.009683767954509
0,thompson,863,non_oz_baum,6.230957508087158
0,thompson,863,non_oz_thompson,6.788092374801636
0,thompson,863,contested,5.281379699707031
0,thompson,864,train,3.0474889278411865
0,thompson,864,baum,6.0106130838394165
0,thompson,864,thompson,4.083296835422516
0,thompson,864,dickens,7.627690076828003
0,thompson,864,melville,7.838957607746124
0,thompson,864,wells,7.801005522410075
0,thompson,864,austen,8.208714246749878
0,thompson,864,fitzgerald,7.777243614196777
0,thompson,864,twain,7.013970772425334
0,thompson,864,non_oz_baum,6.260967254638672
0,thompson,864,non_oz_thompson,6.777120113372803
0,thompson,864,contested,5.301058650016785
0,thompson,865,train,3.048851579427719
0,thompson,865,baum,5.963283061981201
0,thompson,865,thompson,4.050776124000549
0,thompson,865,dickens,7.536408543586731
0,thompson,865,melville,7.778310477733612
0,thompson,865,wells,7.720795472462972
0,thompson,865,austen,8.111753225326538
0,thompson,865,fitzgerald,7.718585703108046
0,thompson,865,twain,6.971187353134155
0,thompson,865,non_oz_baum,6.2158520221710205
0,thompson,865,non_oz_thompson,6.7095489501953125
0,thompson,865,contested,5.248153209686279
0,thompson,866,train,3.0391749838987985
0,thompson,866,baum,5.967418789863586
0,thompson,866,thompson,4.057774484157562
0,thompson,866,dickens,7.571964740753174
0,thompson,866,melville,7.8081013560295105
0,thompson,866,wells,7.744298934936523
0,thompson,866,austen,8.168118715286255
0,thompson,866,fitzgerald,7.743860668606228
0,thompson,866,twain,6.976398388544719
0,thompson,866,non_oz_baum,6.214030146598816
0,thompson,866,non_oz_thompson,6.733837127685547
0,thompson,866,contested,5.2565354108810425
0,thompson,867,train,3.047130197286606
0,thompson,867,baum,5.949116587638855
0,thompson,867,thompson,4.056929230690002
0,thompson,867,dickens,7.557425220807393
0,thompson,867,melville,7.797440886497498
0,thompson,867,wells,7.75896692276001
0,thompson,867,austen,8.095447778701782
0,thompson,867,fitzgerald,7.741051991780599
0,thompson,867,twain,6.983409881591797
0,thompson,867,non_oz_baum,6.223654985427856
0,thompson,867,non_oz_thompson,6.730064153671265
0,thompson,867,contested,5.242991924285889
0,thompson,868,train,3.0290274123350778
0,thompson,868,baum,5.97396981716156
0,thompson,868,thompson,4.05454295873642
0,thompson,868,dickens,7.574203054110209
0,thompson,868,melville,7.841206729412079
0,thompson,868,wells,7.750336488087972
0,thompson,868,austen,8.14597201347351
0,thompson,868,fitzgerald,7.783546023898655
0,thompson,868,twain,7.019097566604614
0,thompson,868,non_oz_baum,6.245383739471436
0,thompson,868,non_oz_thompson,6.74837589263916
0,thompson,868,contested,5.281956315040588
0,thompson,869,train,3.0373790860176086
0,thompson,869,baum,5.9970186948776245
0,thompson,869,thompson,4.075454831123352
0,thompson,869,dickens,7.610160271326701
0,thompson,869,melville,7.863249599933624
0,thompson,869,wells,7.785776933034261
0,thompson,869,austen,8.182679653167725
0,thompson,869,fitzgerald,7.7708216773139105
0,thompson,869,twain,7.009475390116374
0,thompson,869,non_oz_baum,6.252957463264465
0,thompson,869,non_oz_thompson,6.760881423950195
0,thompson,869,contested,5.300239443778992
0,thompson,870,train,3.0476574103037515
0,thompson,870,baum,5.99893319606781
0,thompson,870,thompson,4.0987942814826965
0,thompson,870,dickens,7.641220053037007
0,thompson,870,melville,7.827983200550079
0,thompson,870,wells,7.829168160756429
0,thompson,870,austen,8.181732892990112
0,thompson,870,fitzgerald,7.786218378278944
0,thompson,870,twain,7.013246615727742
0,thompson,870,non_oz_baum,6.264896392822266
0,thompson,870,non_oz_thompson,6.798322916030884
0,thompson,870,contested,5.297314524650574
0,thompson,871,train,3.043090969324112
0,thompson,871,baum,5.95285165309906
0,thompson,871,thompson,4.073700904846191
0,thompson,871,dickens,7.567451198895772
0,thompson,871,melville,7.779422521591186
0,thompson,871,wells,7.762544473012288
0,thompson,871,austen,8.139254808425903
0,thompson,871,fitzgerald,7.7088901201883955
0,thompson,871,twain,6.959775845209758
0,thompson,871,non_oz_baum,6.203603148460388
0,thompson,871,non_oz_thompson,6.721665859222412
0,thompson,871,contested,5.235550403594971
0,thompson,872,train,3.0317061444123587
0,thompson,872,baum,5.991679787635803
0,thompson,872,thompson,4.097807943820953
0,thompson,872,dickens,7.620045900344849
0,thompson,872,melville,7.816057503223419
0,thompson,872,wells,7.80027707417806
0,thompson,872,austen,8.159156560897827
0,thompson,872,fitzgerald,7.772032896677653
0,thompson,872,twain,7.0025049050649
0,thompson,872,non_oz_baum,6.242434144020081
0,thompson,872,non_oz_thompson,6.781827449798584
0,thompson,872,contested,5.284280300140381
0,thompson,873,train,3.0410792926947274
0,thompson,873,baum,5.970020413398743
0,thompson,873,thompson,4.078680336475372
0,thompson,873,dickens,7.626875042915344
0,thompson,873,melville,7.860668659210205
0,thompson,873,wells,7.814549287160237
0,thompson,873,austen,8.239500761032104
0,thompson,873,fitzgerald,7.785891744825575
0,thompson,873,twain,7.006152709325154
0,thompson,873,non_oz_baum,6.227773904800415
0,thompson,873,non_oz_thompson,6.761310338973999
0,thompson,873,contested,5.2673256397247314
0,thompson,874,train,3.046704034010569
0,thompson,874,baum,5.977856516838074
0,thompson,874,thompson,4.078510403633118
0,thompson,874,dickens,7.618471781412761
0,thompson,874,melville,7.849224805831909
0,thompson,874,wells,7.801271438598633
0,thompson,874,austen,8.193787097930908
0,thompson,874,fitzgerald,7.781147956848144
0,thompson,874,twain,7.00275723139445
0,thompson,874,non_oz_baum,6.224421858787537
0,thompson,874,non_oz_thompson,6.763523101806641
0,thompson,874,contested,5.274746298789978
0,thompson,875,train,3.0282397170861564
0,thompson,875,baum,5.976589322090149
0,thompson,875,thompson,4.076778292655945
0,thompson,875,dickens,7.614097396532695
0,thompson,875,melville,7.823047459125519
0,thompson,875,wells,7.791347185770671
0,thompson,875,austen,8.17887568473816
0,thompson,875,fitzgerald,7.775548140207927
0,thompson,875,twain,7.005056063334147
0,thompson,875,non_oz_baum,6.235068917274475
0,thompson,875,non_oz_thompson,6.75908088684082
0,thompson,875,contested,5.26373302936554
0,thompson,876,train,3.027294228474299
0,thompson,876,baum,6.031386613845825
0,thompson,876,thompson,4.062029719352722
0,thompson,876,dickens,7.603632847468059
0,thompson,876,melville,7.836133241653442
0,thompson,876,wells,7.782520771026611
0,thompson,876,austen,8.23243761062622
0,thompson,876,fitzgerald,7.76288710700141
0,thompson,876,twain,7.020670255025228
0,thompson,876,non_oz_baum,6.279949426651001
0,thompson,876,non_oz_thompson,6.743351221084595
0,thompson,876,contested,5.28994357585907
0,thompson,877,train,3.042475014925003
0,thompson,877,baum,5.968220233917236
0,thompson,877,thompson,4.067104995250702
0,thompson,877,dickens,7.62693993250529
0,thompson,877,melville,7.838508605957031
0,thompson,877,wells,7.8264462153116865
0,thompson,877,austen,8.204155921936035
0,thompson,877,fitzgerald,7.768451690673828
0,thompson,877,twain,7.00202488899231
0,thompson,877,non_oz_baum,6.211865544319153
0,thompson,877,non_oz_thompson,6.757990598678589
0,thompson,877,contested,5.2513391971588135
0,thompson,878,train,3.0276216566562653
0,thompson,878,baum,6.030048131942749
0,thompson,878,thompson,4.070205986499786
0,thompson,878,dickens,7.67542286713918
0,thompson,878,melville,7.919575154781341
0,thompson,878,wells,7.84628423055013
0,thompson,878,austen,8.276099920272827
0,thompson,878,fitzgerald,7.834066920810276
0,thompson,878,twain,7.066134611765544
0,thompson,878,non_oz_baum,6.285342812538147
0,thompson,878,non_oz_thompson,6.797247409820557
0,thompson,878,contested,5.315244793891907
0,thompson,879,train,3.032043586174647
0,thompson,879,baum,5.996244668960571
0,thompson,879,thompson,4.047398149967194
0,thompson,879,dickens,7.592444022496541
0,thompson,879,melville,7.855920612812042
0,thompson,879,wells,7.775837262471517
0,thompson,879,austen,8.206676006317139
0,thompson,879,fitzgerald,7.760859701368544
0,thompson,879,twain,7.019476890563965
0,thompson,879,non_oz_baum,6.260727524757385
0,thompson,879,non_oz_thompson,6.738218545913696
0,thompson,879,contested,5.278327822685242
0,thompson,880,train,3.018487850824992
0,thompson,880,baum,5.999719619750977
0,thompson,880,thompson,4.068595767021179
0,thompson,880,dickens,7.640715837478638
0,thompson,880,melville,7.86661946773529
0,thompson,880,wells,7.821156819661458
0,thompson,880,austen,8.2490074634552
0,thompson,880,fitzgerald,7.821228663126628
0,thompson,880,twain,7.021033684412639
0,thompson,880,non_oz_baum,6.2493815422058105
0,thompson,880,non_oz_thompson,6.784343957901001
0,thompson,880,contested,5.285734057426453
0,thompson,881,train,3.024415055910746
0,thompson,881,baum,5.992520332336426
0,thompson,881,thompson,4.070822715759277
0,thompson,881,dickens,7.5842554569244385
0,thompson,881,melville,7.773518264293671
0,thompson,881,wells,7.786232312520345
0,thompson,881,austen,8.149418115615845
0,thompson,881,fitzgerald,7.733812120225695
0,thompson,881,twain,6.986658334732056
0,thompson,881,non_oz_baum,6.242453694343567
0,thompson,881,non_oz_thompson,6.7570226192474365
0,thompson,881,contested,5.2671202421188354
0,thompson,882,train,3.0249681174755096
0,thompson,882,baum,6.00492000579834
0,thompson,882,thompson,4.072083532810211
0,thompson,882,dickens,7.6424180666605634
0,thompson,882,melville,7.879414200782776
0,thompson,882,wells,7.823296070098877
0,thompson,882,austen,8.289829015731812
0,thompson,882,fitzgerald,7.800530327690972
0,thompson,882,twain,7.028691132863362
0,thompson,882,non_oz_baum,6.251670241355896
0,thompson,882,non_oz_thompson,6.771207332611084
0,thompson,882,contested,5.279536604881287
0,thompson,883,train,3.0223032434781394
0,thompson,883,baum,5.984738707542419
0,thompson,883,thompson,4.06270706653595
0,thompson,883,dickens,7.617466290791829
0,thompson,883,melville,7.848719000816345
0,thompson,883,wells,7.810807704925537
0,thompson,883,austen,8.235232591629028
0,thompson,883,fitzgerald,7.7902236514621315
0,thompson,883,twain,7.006474018096924
0,thompson,883,non_oz_baum,6.228212118148804
0,thompson,883,non_oz_thompson,6.766240358352661
0,thompson,883,contested,5.271786093711853
0,thompson,884,train,3.011479218800863
0,thompson,884,baum,5.959086537361145
0,thompson,884,thompson,4.069710433483124
0,thompson,884,dickens,7.59626583258311
0,thompson,884,melville,7.800367653369904
0,thompson,884,wells,7.791619618733724
0,thompson,884,austen,8.159432172775269
0,thompson,884,fitzgerald,7.747292624579535
0,thompson,884,twain,6.991469621658325
0,thompson,884,non_oz_baum,6.211616516113281
0,thompson,884,non_oz_thompson,6.769002437591553
0,thompson,884,contested,5.260720610618591
0,thompson,885,train,3.0122609535853067
0,thompson,885,baum,6.040537118911743
0,thompson,885,thompson,4.080999076366425
0,thompson,885,dickens,7.6706463098526
0,thompson,885,melville,7.920979380607605
0,thompson,885,wells,7.868993441263835
0,thompson,885,austen,8.30426573753357
0,thompson,885,fitzgerald,7.821234809027778
0,thompson,885,twain,7.069280068079631
0,thompson,885,non_oz_baum,6.307641506195068
0,thompson,885,non_oz_thompson,6.80054235458374
0,thompson,885,contested,5.310377359390259
0,thompson,886,train,3.022519956032435
0,thompson,886,baum,6.02447497844696
0,thompson,886,thompson,4.086487352848053
0,thompson,886,dickens,7.688885807991028
0,thompson,886,melville,7.887750506401062
0,thompson,886,wells,7.866909503936768
0,thompson,886,austen,8.27535343170166
0,thompson,886,fitzgerald,7.842113547854954
0,thompson,886,twain,7.04154912630717
0,thompson,886,non_oz_baum,6.268457531929016
0,thompson,886,non_oz_thompson,6.818642139434815
0,thompson,886,contested,5.31104588508606
0,thompson,887,train,3.008020162582397
0,thompson,887,baum,5.963900685310364
0,thompson,887,thompson,4.051547169685364
0,thompson,887,dickens,7.609310428301494
0,thompson,887,melville,7.835626602172852
0,thompson,887,wells,7.788333574930827
0,thompson,887,austen,8.179365396499634
0,thompson,887,fitzgerald,7.783105426364475
0,thompson,887,twain,6.999627351760864
0,thompson,887,non_oz_baum,6.21964430809021
0,thompson,887,non_oz_thompson,6.748234272003174
0,thompson,887,contested,5.257307529449463
0,thompson,888,train,3.01457350452741
0,thompson,888,baum,6.012140512466431
0,thompson,888,thompson,4.073814213275909
0,thompson,888,dickens,7.630220492680867
0,thompson,888,melville,7.846230089664459
0,thompson,888,wells,7.818361282348633
0,thompson,888,austen,8.238054037094116
0,thompson,888,fitzgerald,7.772171391381158
0,thompson,888,twain,7.0284193356831866
0,thompson,888,non_oz_baum,6.268442392349243
0,thompson,888,non_oz_thompson,6.78386378288269
0,thompson,888,contested,5.290953040122986
0,thompson,889,train,3.003456503152848
0,thompson,889,baum,6.01751172542572
0,thompson,889,thompson,4.053930163383484
0,thompson,889,dickens,7.631338874499003
0,thompson,889,melville,7.875195264816284
0,thompson,889,wells,7.803141752878825
0,thompson,889,austen,8.280153512954712
0,thompson,889,fitzgerald,7.790092945098877
0,thompson,889,twain,7.030656735102336
0,thompson,889,non_oz_baum,6.269368171691895
0,thompson,889,non_oz_thompson,6.774298191070557
0,thompson,889,contested,5.287836313247681
0,thompson,890,train,3.011040339867274
0,thompson,890,baum,6.020927667617798
0,thompson,890,thompson,4.069729804992676
0,thompson,890,dickens,7.6517964998881025
0,thompson,890,melville,7.901722013950348
0,thompson,890,wells,7.839457988739014
0,thompson,890,austen,8.289785623550415
0,thompson,890,fitzgerald,7.798787434895833
0,thompson,890,twain,7.037619113922119
0,thompson,890,non_oz_baum,6.261995196342468
0,thompson,890,non_oz_thompson,6.781343221664429
0,thompson,890,contested,5.281793236732483
0,thompson,891,train,3.013512074947357
0,thompson,891,baum,5.98633873462677
0,thompson,891,thompson,4.045753121376038
0,thompson,891,dickens,7.620536764462789
0,thompson,891,melville,7.863481044769287
0,thompson,891,wells,7.803483645121257
0,thompson,891,austen,8.26971697807312
0,thompson,891,fitzgerald,7.784118546379937
0,thompson,891,twain,7.0353875160217285
0,thompson,891,non_oz_baum,6.245250940322876
0,thompson,891,non_oz_thompson,6.746548891067505
0,thompson,891,contested,5.264526128768921
0,thompson,892,train,3.0034565925598145
0,thompson,892,baum,6.013745069503784
0,thompson,892,thompson,4.045170545578003
0,thompson,892,dickens,7.621790170669556
0,thompson,892,melville,7.857732057571411
0,thompson,892,wells,7.798750718434651
0,thompson,892,austen,8.229153156280518
0,thompson,892,fitzgerald,7.77986674838596
0,thompson,892,twain,7.032622814178467
0,thompson,892,non_oz_baum,6.267125248908997
0,thompson,892,non_oz_thompson,6.756085634231567
0,thompson,892,contested,5.291395425796509
0,thompson,893,train,3.0004205405712128
0,thompson,893,baum,5.980053663253784
0,thompson,893,thompson,4.074315071105957
0,thompson,893,dickens,7.618844270706177
0,thompson,893,melville,7.8401780128479
0,thompson,893,wells,7.804576873779297
0,thompson,893,austen,8.226101875305176
0,thompson,893,fitzgerald,7.756467554304335
0,thompson,893,twain,6.98957109451294
0,thompson,893,non_oz_baum,6.215902805328369
0,thompson,893,non_oz_thompson,6.77283501625061
0,thompson,893,contested,5.26696765422821
0,thompson,894,train,3.018181105454763
0,thompson,894,baum,6.025958299636841
0,thompson,894,thompson,4.055671870708466
0,thompson,894,dickens,7.641987840334575
0,thompson,894,melville,7.90157151222229
0,thompson,894,wells,7.815698464711507
0,thompson,894,austen,8.242878198623657
0,thompson,894,fitzgerald,7.823231697082519
0,thompson,894,twain,7.053075790405273
0,thompson,894,non_oz_baum,6.272770762443543
0,thompson,894,non_oz_thompson,6.784037113189697
0,thompson,894,contested,5.304935812950134
0,thompson,895,train,3.0137241383393607
0,thompson,895,baum,5.990954041481018
0,thompson,895,thompson,4.068228662014008
0,thompson,895,dickens,7.631662130355835
0,thompson,895,melville,7.865972936153412
0,thompson,895,wells,7.816286722819011
0,thompson,895,austen,8.240840196609497
0,thompson,895,fitzgerald,7.784055391947429
0,thompson,895,twain,7.012247323989868
0,thompson,895,non_oz_baum,6.240637183189392
0,thompson,895,non_oz_thompson,6.769286870956421
0,thompson,895,contested,5.277243733406067
0,thompson,896,train,3.005742331345876
0,thompson,896,baum,6.023259520530701
0,thompson,896,thompson,4.059421539306641
0,thompson,896,dickens,7.674147049585978
0,thompson,896,melville,7.904492437839508
0,thompson,896,wells,7.848394870758057
0,thompson,896,austen,8.295236825942993
0,thompson,896,fitzgerald,7.834959612952338
0,thompson,896,twain,7.054331223169963
0,thompson,896,non_oz_baum,6.276657700538635
0,thompson,896,non_oz_thompson,6.801722049713135
0,thompson,896,contested,5.306764125823975
0,thompson,897,train,3.010783592859904
0,thompson,897,baum,6.0383652448654175
0,thompson,897,thompson,4.036411702632904
0,thompson,897,dickens,7.663738648096721
0,thompson,897,melville,7.935960531234741
0,thompson,897,wells,7.831075986226399
0,thompson,897,austen,8.293931484222412
0,thompson,897,fitzgerald,7.852261384328206
0,thompson,897,twain,7.078417698542277
0,thompson,897,non_oz_baum,6.291066646575928
0,thompson,897,non_oz_thompson,6.788856983184815
0,thompson,897,contested,5.321889638900757
0,thompson,898,train,2.9985678096612296
0,thompson,898,baum,6.039902329444885
0,thompson,898,thompson,4.080088198184967
0,thompson,898,dickens,7.689956903457642
0,thompson,898,melville,7.897897601127624
0,thompson,898,wells,7.866675853729248
0,thompson,898,austen,8.269447565078735
0,thompson,898,fitzgerald,7.851438999176025
0,thompson,898,twain,7.068364302317302
0,thompson,898,non_oz_baum,6.292268753051758
0,thompson,898,non_oz_thompson,6.820585489273071
0,thompson,898,contested,5.319347500801086
